 20.00  -5429.5827770      0.5318321
 20.50  -5054.4438445      0.5338669
 21.00  -4993.2278338      0.5356200
 21.50  -5100.1553774      0.5361825
 22.00  -5026.4984065      0.5413801
 22.50  -5140.6988100      0.5402845
 23.00  -5142.7840535      0.5428153
 23.50  -5320.7670368      0.5442717
 24.00  -5379.4604756      0.5481458
 24.50  -5173.0350643      0.5523957
 25.00  -5319.1451051      0.5520779
 25.50  -5340.6533801      0.5557042
 26.00  -5429.8471877      0.5583427
 26.50  -5429.6557410      0.5597526
 27.00  -5521.1164623      0.5622092
 27.50  -5633.6149653      0.5645751
 28.00  -5456.7787655      0.5669234
 28.50  -5526.3737235      0.5708154
 29.00  -5599.2469501      0.5724489
 29.50  -5434.0303023      0.5754417
 30.00  -5595.6432829      0.5761045
 30.50  -5698.7792865      0.5788869
 31.00  -5696.6205338      0.5822640
 31.50  -5854.9382417      0.5843631
 32.00  -5720.4949668      0.5854958
 32.50  -5839.3846558      0.5901432
 33.00  -5845.3292644      0.5884458
 33.50  -5878.0423740      0.5927300
 34.00  -5934.3925061      0.5976046
 34.50  -6039.0960325      0.6009216
 35.00  -5952.6958188      0.6004967
 35.50  -5923.6210303      0.6017349
 36.00  -6054.3246995      0.6028176
 36.50  -6096.5015729      0.6097296
 37.00  -6029.9652436      0.6108803
 37.50  -6061.4451194      0.6119220
 38.00  -6249.4676449      0.6156101
 38.50  -6249.5188814      0.6155898
 39.00  -6210.8434334      0.6163741
 39.50  -6128.5094763      0.6222628
 40.00  -6178.8365308      0.6217466
 40.50  -6290.0684520      0.6296701
 41.00  -6398.4500580      0.6313950
 41.50  -6352.8517080      0.6293252
 42.00  -6538.4906329      0.6321612
 42.50  -6419.0395404      0.6327395
 43.00  -6503.4375502      0.6358378
 43.50  -6306.1526301      0.6448139
 44.00  -6535.6133110      0.6444063
 44.50  -6602.2432004      0.6450482
 45.00  -6677.9716498      0.6474356
 45.50  -6624.6674775      0.6493547
 46.00  -6805.0013724      0.6559266
 46.50  -6740.6642345      0.6582343
 47.00  -6757.1893872      0.6593929
 47.50  -6864.3399491      0.6594797
 48.00  -6781.2092150      0.6650425
 48.50  -6774.0108389      0.6692307
 49.00  -6938.0339699      0.6697924
 49.50  -6964.3309730      0.6753626
 50.00  -6898.1053690      0.6763708
 50.50  -6865.3811015      0.6759697
 51.00  -7065.2251604      0.6798594
 51.50  -6880.3548213      0.6838121
 52.00  -6982.1275203      0.6839801
 52.50  -7079.8806086      0.6899026
 53.00  -7085.4690685      0.6882116
 53.50  -7027.8169605      0.6925814
 54.00  -7082.7698022      0.6956317
 54.50  -7196.5807646      0.6967550
 55.00  -7222.3763786      0.7012750
 55.50  -7258.7044359      0.7051302
 56.00  -7305.6465960      0.7087498
 56.50  -7330.0690071      0.7104568
 57.00  -7375.0492250      0.7098672
 57.50  -7274.3779101      0.7119173
 58.00  -7453.5902948      0.7178325
 58.50  -7399.9980861      0.7168820
 59.00  -7360.8521066      0.7184955
 59.50  -7394.5349607      0.7281050
 60.00  -7502.0278683      0.7250367
 60.50  -7589.6359496      0.7262914
 61.00  -7619.5326061      0.7328942
 61.50  -7502.4930156      0.7306203
 62.00  -7566.3459179      0.7389449
 62.50  -7427.9561623      0.7344607
 63.00  -7720.8452027      0.7380071
 63.50  -7675.1957492      0.7442420
 64.00  -7729.4645812      0.7446597
 64.50  -7849.6240081      0.7489580
 65.00  -7935.5707201      0.7498217
 65.50  -7882.6161738      0.7537220
 66.00  -7962.0515796      0.7600747
 66.50  -7877.9839653      0.7534260
 67.00  -7880.7334458      0.7628823
 67.50  -7943.6161127      0.7665675
 68.00  -8060.3901117      0.7638619
 68.50  -8059.9341319      0.7710005
 69.00  -8036.9658586      0.7709557
 69.50  -8123.7516621      0.7762711
 70.00  -7985.0167128      0.7775103
 70.50  -8022.2185028      0.7729608
 71.00  -8230.0940859      0.7828814
 71.50  -8297.0405397      0.7851055
 72.00  -8351.6255424      0.7875386
 72.50  -8444.8644827      0.7876229
 73.00  -8400.7024951      0.7927438
 73.50  -8468.3862820      0.7945291
 74.00  -8398.2673318      0.8002316
 74.50  -8442.8981811      0.7994490
 75.00  -8568.9583756      0.8026934
 75.50  -8602.7431388      0.8046826
 76.00  -8549.7328740      0.8078600
 76.50  -8658.4243889      0.8155547
 77.00  -8647.6839664      0.8094936
 77.50  -8676.1019247      0.8169376
 78.00  -8810.7986557      0.8185397
 78.50  -8689.2969861      0.8213194
 79.00  -8743.7581802      0.8297017
 79.50  -8709.0620629      0.8267313
 80.00  -8754.5605532      0.8239047
 80.50  -8807.2720015      0.8276678
 81.00  -8892.6489160      0.8350824
 81.50  -8887.2922377      0.8427487
 82.00  -8727.5006002      0.8455340
 82.50  -8968.8334102      0.8425623
 83.00  -8840.6704081      0.8454653
 83.50  -8936.4454964      0.8502191
 84.00  -9082.8537444      0.8505377
 84.50  -9075.9737281      0.8552602
 85.00  -9109.1436081      0.8572830
 85.50  -9166.9552454      0.8557751
 86.00  -9125.4304989      0.8642246
 86.50  -9241.5600582      0.8645205
 87.00  -9136.2757413      0.8634144
 87.50  -9371.1653551      0.8745944
 88.00  -9346.8467185      0.8741369
 88.50  -9396.9534526      0.8773212
 89.00  -9389.9055860      0.8779060
 89.50  -9448.2370332      0.8802283
 90.00  -9454.9227797      0.8851934
 90.50  -9428.8093784      0.8860578
 91.00  -9462.0312366      0.8896791
 91.50  -9510.1000508      0.8911056
 92.00  -9606.3222958      0.8942507
 92.50  -9608.8257358      0.8969627
 93.00  -9588.1652457      0.8943097
 93.50  -9728.7415627      0.9011380
 94.00  -9711.1235883      0.9090044
 94.50  -9755.3427840      0.9091804
 95.00  -9745.3689441      0.9054760
 95.50  -9780.8555157      0.9165228
 96.00  -9664.7547425      0.9228694
 96.50  -9811.1772845      0.9245494
 97.00  -9917.4167914      0.9234743
 97.50  -9846.2491655      0.9232888
 98.00  -9899.9028492      0.9286070
 98.50  -9930.1294998      0.9260069
 99.00  -9893.5971224      0.9289544
 99.50 -10131.0301297      0.9335099
100.00  -9978.5107302      0.9414660
100.50  -9972.3611082      0.9400377
101.00 -10149.2463707      0.9417825
101.50 -10128.2886233      0.9444377
102.00 -10190.9231633      0.9475733
102.50 -10293.7595169      0.9487289
103.00 -10219.2617888      0.9565028
103.50 -10361.0611746      0.9546002
104.00 -10288.0775456      0.9551782
104.50 -10319.6769370      0.9611439
105.00 -10276.4133391      0.9700205
105.50 -10478.1250931      0.9646089
106.00 -10458.1646849      0.9761951
106.50 -10529.0084253      0.9704345
107.00 -10483.3477304      0.9727126
107.50 -10522.6427000      0.9744172
108.00 -10559.8887224      0.9788084
108.50 -10557.3758033      0.9869123
109.00 -10672.5555971      0.9874672
109.50 -10686.8389117      0.9926659
110.00 -10641.9854117      0.9922118
110.50 -10747.4292428      0.9947506
111.00 -10841.6649520      0.9954503
111.50 -10795.0928947      1.0047055
112.00 -10732.6510410      0.9996528
112.50 -10929.9004302      1.0086719
113.00 -10808.8960115      1.0103266
113.50 -10877.6251954      1.0057442
114.00 -10926.7342032      1.0134077
114.50 -10968.5289974      1.0156527
115.00 -11020.6006410      1.0273955
115.50 -11034.5882757      1.0222680
116.00 -11121.6052168      1.0255370
116.50 -11239.3727238      1.0303486
117.00 -11072.6122826      1.0368617
117.50 -11266.4543506      1.0333060
118.00 -11206.4659374      1.0423026
118.50 -11274.2834516      1.0364056
119.00 -11319.0765363      1.0428574
119.50 -11382.0078061      1.0427702
120.00 -11179.7620921      1.0484312
120.50 -11345.3611806      1.0444101
121.00 -11496.8002440      1.0513606
121.50 -11342.5502897      1.0562396
122.00 -11482.2030842      1.0588396
122.50 -11561.9255616      1.0582373
123.00 -11493.3891755      1.0624841
123.50 -11519.4829661      1.0726599
124.00 -11641.1958900      1.0661380
124.50 -11612.9483905      1.0671402
125.00 -11718.7298969      1.0715209
125.50 -11624.6975894      1.0814629
126.00 -11733.1195208      1.0832975
126.50 -11822.5188873      1.0890177
127.00 -11904.6370145      1.0894105
127.50 -11753.9260559      1.0869941
128.00 -11903.4252386      1.0922170
128.50 -11875.5594115      1.0878811
129.00 -11868.8764428      1.1032202
129.50 -11873.5188365      1.1027280
130.00 -12013.5277652      1.1064665
130.50 -12067.7371666      1.1063358
131.00 -12131.9206946      1.1066971
131.50 -12084.2676082      1.1100390
132.00 -12156.2023911      1.1181110
132.50 -12079.0203284      1.1176070
133.00 -12188.9830570      1.1232800
133.50 -12300.5774255      1.1286024
134.00 -12308.5968134      1.1276396
134.50 -12340.7524358      1.1266335
135.00 -12336.3238107      1.1324162
135.50 -12383.9148242      1.1311870
136.00 -12415.9736381      1.1397312
136.50 -12431.1522032      1.1334612
137.00 -12267.2048478      1.1430911
137.50 -12473.8520522      1.1414674
138.00 -12565.2912764      1.1505156
138.50 -12504.0438326      1.1538229
139.00 -12654.3357429      1.1534942
139.50 -12613.5399884      1.1604570
140.00 -12661.4062126      1.1635191
140.50 -12695.2702421      1.1663293
141.00 -12802.3131212      1.1667383
141.50 -12758.4416097      1.1720458
142.00 -12765.7351006      1.1717800
142.50 -12862.6649637      1.1746218
143.00 -12880.6217833      1.1758434
143.50 -12844.6308672      1.1724132
144.00 -12997.7284627      1.1831061
144.50 -12984.5478160      1.1821603
145.00 -12952.2033072      1.1895089
145.50 -12952.8734167      1.1878570
146.00 -13079.1041904      1.1968900
146.50 -13041.5520646      1.2016987
147.00 -12955.9882097      1.1941234
147.50 -13035.1113503      1.2053529
148.00 -13188.3989817      1.2044183
148.50 -13147.0406615      1.2108480
149.00 -13192.1712590      1.2099647
149.50 -13379.7583356      1.2192300
150.00 -13232.0805856      1.2063814
150.50 -13321.5520621      1.2225236
151.00 -13450.7023631      1.2301590
151.50 -13411.0150445      1.2265640
152.00 -13346.8574195      1.2360087
152.50 -13481.4816002      1.2324461
153.00 -13563.9711229      1.2311399
153.50 -13542.5484828      1.2393838
154.00 -13520.3696219      1.2423509
154.50 -13579.0323490      1.2451950
155.00 -13618.0773377      1.2459593
155.50 -13688.0699122      1.2486182
156.00 -13809.2275823      1.2504255
156.50 -13680.2737685      1.2513249
157.00 -13749.3362780      1.2632517
157.50 -13747.6859120      1.2578042
158.00 -13866.2159699      1.2633962
158.50 -13907.3392811      1.2582957
159.00 -13989.6378476      1.2655472
159.50 -13875.3076588      1.2707061
160.00 -13858.6533369      1.2770657
160.50 -14114.8966686      1.2726517
161.00 -13989.9124390      1.2793277
161.50 -13999.1696478      1.2747878
162.00 -14051.5391564      1.2796273
162.50 -14147.3597595      1.2827636
163.00 -14077.7035670      1.2913231
163.50 -14239.1532575      1.2935896
164.00 -14135.3684617      1.2978212
164.50 -14289.2963921      1.3002707
165.00 -14312.3841087      1.3023675
165.50 -14168.2602729      1.3041949
166.00 -14593.9522336      1.3125660
166.50 -14449.8820690      1.3146312
167.00 -14317.7278569      1.3111915
167.50 -14454.6309210      1.3173318
168.00 -14511.5407825      1.3076939
168.50 -14445.3622698      1.3213594
169.00 -14616.1271731      1.3235116
169.50 -14513.7612893      1.3327847
170.00 -14697.5537104      1.3267768
170.50 -14668.7819281      1.3292614
171.00 -14553.2537912      1.3342912
171.50 -14711.5048945      1.3441826
172.00 -14758.9702546      1.3502806
172.50 -14848.0140806      1.3526165
173.00 -14833.8905037      1.3418436
173.50 -14910.2639921      1.3522181
174.00 -14924.8303059      1.3503136
174.50 -14830.2581377      1.3589781
175.00 -14938.8161938      1.3488670
175.50 -14963.0034177      1.3629860
176.00 -15026.1099496      1.3688888
176.50 -15078.7596393      1.3642671
177.00 -15084.8097490      1.3757430
177.50 -15111.1058649      1.3757511
178.00 -15187.0839619      1.3773376
178.50 -15198.6625144      1.3856522
179.00 -15286.7624607      1.3808463
179.50 -15217.9930891      1.3901230
180.00 -15331.9298120      1.3874747
180.50 -15386.0006233      1.3997779
181.00 -15392.6275806      1.3951335
181.50 -15385.0771138      1.4001388
182.00 -15438.3359939      1.4095055
182.50 -15396.1916030      1.3955463
183.00 -15653.0863601      1.4030797
183.50 -15569.0653546      1.4028827
184.00 -15567.1700155      1.4063039
184.50 -15658.4965131      1.4118589
185.00 -15685.5425632      1.4218976
185.50 -15652.1055206      1.4175205
186.00 -15685.8431744      1.4240002
186.50 -15664.4461417      1.4271407
187.00 -15900.0654720      1.4282174
187.50 -15834.6183788      1.4368421
188.00 -15777.6747434      1.4329102
188.50 -15773.8158731      1.4386358
189.00 -15951.2268009      1.4387787
189.50 -15946.3510265      1.4439544
190.00 -15999.0302015      1.4383335
190.50 -16049.9240819      1.4507364
191.00 -16011.2919022      1.4436696
191.50 -16059.8753460      1.4609718
192.00 -16070.4881371      1.4477154
192.50 -16107.2143236      1.4606058
193.00 -16134.7792463      1.4501591
193.50 -16159.2580569      1.4611749
194.00 -16211.5902317      1.4758267
194.50 -16286.1231567      1.4773758
195.00 -16324.1046212      1.4826773
195.50 -16371.1542856      1.4788296
196.00 -16433.9360116      1.4890946
196.50 -16448.0054414      1.4844427
197.00 -16508.9983568      1.4927388
197.50 -16472.2031793      1.4928127
198.00 -16525.7182394      1.4990803
198.50 -16383.8118731      1.4868092
199.00 -16520.9671011      1.5072271
199.50 -16600.5229458      1.5069665
200.00 -16593.3810445      1.5128296
200.50 -16615.7330823      1.5134169
201.00 -16762.3043463      1.5075357
201.50 -16804.7163926      1.5171520
202.00 -16742.8250565      1.5064683
202.50 -16739.9197152      1.5130724
203.00 -16825.6774426      1.5307907
203.50 -16896.5314368      1.5257132
204.00 -16874.4519094      1.5304254
204.50 -16989.6519842      1.5271127
205.00 -17043.3326188      1.5349125
205.50 -17086.5620360      1.5412368
206.00 -17054.6157092      1.5485410
206.50 -17137.2113452      1.5461501
207.00 -17157.0987458      1.5531047
207.50 -17230.9783853      1.5469847
208.00 -17128.4253281      1.5603442
208.50 -17196.3986015      1.5545332
209.00 -17265.1228662      1.5560356
209.50 -17387.6782880      1.5612413
210.00 -17272.8365709      1.5597175
210.50 -17427.7928467      1.5587361
211.00 -17376.4737867      1.5659537
211.50 -17369.8171365      1.5705748
212.00 -17290.8779532      1.5786508
212.50 -17489.5994157      1.5826318
213.00 -17548.2643064      1.5780731
213.50 -17506.9245946      1.5928136
214.00 -17619.6745404      1.5815576
214.50 -17545.7266495      1.5832959
215.00 -17547.1821362      1.5971371
215.50 -17624.6373319      1.6001496
216.00 -17731.9043338      1.6073539
216.50 -17698.8763191      1.6000837
217.00 -17891.8392354      1.6020064
217.50 -17893.9414075      1.6027709
218.00 -17877.2498312      1.6139883
218.50 -17791.8884180      1.6177771
219.00 -17892.5614695      1.6119388
219.50 -17904.2963815      1.6247991
220.00 -18037.1942030      1.6326292
220.50 -17984.6654207      1.6208729
221.00 -18023.4715787      1.6228981
221.50 -18031.9984211      1.6365135
222.00 -18180.5013538      1.6188932
222.50 -18129.8281811      1.6318182
223.00 -18171.6276623      1.6419201
223.50 -18273.9428387      1.6508612
224.00 -18228.7313891      1.6450522
224.50 -18344.6695216      1.6361126
225.00 -18266.0885583      1.6567744
225.50 -18214.9836288      1.6512300
226.00 -18455.5573214      1.6492595
226.50 -18519.8524249      1.6559935
227.00 -18566.9721350      1.6662781
227.50 -18444.4096072      1.6691741
228.00 -18548.5929659      1.6795494
228.50 -18717.3149444      1.6730416
229.00 -18529.5094953      1.6778202
229.50 -18536.4107765      1.6806170
230.00 -18630.1802794      1.6872939
230.50 -18524.4494971      1.6856670
231.00 -18771.3751066      1.6945084
231.50 -18664.3433834      1.6906462
232.00 -18768.0240144      1.6975284
232.50 -18826.0477490      1.7022226
233.00 -18911.6395662      1.6909849
233.50 -18793.7629273      1.7066289
234.00 -18846.8169451      1.6990504
234.50 -18883.3629630      1.7026630
235.00 -18921.4890351      1.7014983
235.50 -19046.2518876      1.7086713
236.00 -18997.5586731      1.7236905
236.50 -19071.1474487      1.7249171
237.00 -19227.9132316      1.7223812
237.50 -19268.0266090      1.7219589
238.00 -19233.1678891      1.7259664
238.50 -19334.7648953      1.7457740
239.00 -19259.1014073      1.7303910
239.50 -19316.7849524      1.7447277
240.00 -19367.6715748      1.7473180
240.50 -19361.2894270      1.7381808
241.00 -19477.0131613      1.7523612
241.50 -19506.9164716      1.7503398
242.00 -19589.6908589      1.7631611
242.50 -19629.4321327      1.7483900
243.00 -19523.6397959      1.7599709
243.50 -19746.3012549      1.7655211
244.00 -19635.9461434      1.7688862
244.50 -19599.6640197      1.7624054
245.00 -19737.1585935      1.7790731
245.50 -19822.9534287      1.7754139
246.00 -19793.8037941      1.7719508
246.50 -19757.3485097      1.7824487
247.00 -19829.7604576      1.7887355
247.50 -19933.7994487      1.7938196
248.00 -19814.1578041      1.7956724
248.50 -19955.0059621      1.7965937
249.00 -20058.1256271      1.7937725
249.50 -20018.0890169      1.8034753
250.00 -20014.2696923      1.7991816
250.50 -20025.8343812      1.8092688
251.00 -20205.9613333      1.8029974
251.50 -20069.3625975      1.8074948
252.00 -20269.2003499      1.8172937
252.50 -20310.9384957      1.8112542
253.00 -20255.7305630      1.8125569
253.50 -20366.5237048      1.8274355
254.00 -20385.1001579      1.8230809
254.50 -20346.8292439      1.8365725
255.00 -20398.7162231      1.8370975
255.50 -20457.4547917      1.8436244
256.00 -20392.0853825      1.8370112
256.50 -20355.7776031      1.8354029
257.00 -20539.4844500      1.8498955
257.50 -20526.2822472      1.8567020
258.00 -20558.9997517      1.8448482
258.50 -20598.4154550      1.8539522
259.00 -20749.0470964      1.8629281
259.50 -20785.8341140      1.8676220
260.00 -20775.7396470      1.8544241
260.50 -20702.7953976      1.8709525
261.00 -20958.3562886      1.8673321
261.50 -20690.8272915      1.8598255
262.00 -20768.9214571      1.8633275
262.50 -20935.2176818      1.8746592
263.00 -21006.9776537      1.8772764
263.50 -20961.2755657      1.8788022
264.00 -21124.4625948      1.8863548
264.50 -21140.5799645      1.8793351
265.00 -21136.1752458      1.8812416
265.50 -21021.0741164      1.9049964
266.00 -21145.1923651      1.8954889
266.50 -21038.4015078      1.8990529
267.00 -21213.1873877      1.9031322
267.50 -21215.2057085      1.9142054
268.00 -21241.4793132      1.9083208
268.50 -21244.3287019      1.9120788
269.00 -21459.4781264      1.9081096
269.50 -21344.6985216      1.9188247
270.00 -21354.6941325      1.9224825
270.50 -21392.1110811      1.9189391
271.00 -21451.6256679      1.9237004
271.50 -21566.6085278      1.9301822
272.00 -21655.1147652      1.9424868
272.50 -21639.5754940      1.9334964
273.00 -21555.8456429      1.9344184
273.50 -21680.4487409      1.9472233
274.00 -21802.6605672      1.9343250
274.50 -21760.5188076      1.9609792
275.00 -21925.0031718      1.9551852
275.50 -21643.7090070      1.9486210
276.00 -21815.8283995      1.9525671
276.50 -21992.1630500      1.9781211
277.00 -21940.6152799      1.9583069
277.50 -21936.8689139      1.9658725
278.00 -22052.2350924      1.9632907
278.50 -22079.2722628      1.9735219
279.00 -22154.5573588      1.9846662
279.50 -22107.7940245      1.9735880
280.00 -22164.0742037      1.9824721
280.50 -22322.7728915      1.9956085
281.00 -22233.6166451      1.9897990
281.50 -22159.3406462      2.0030840
282.00 -22244.1342053      1.9991350
282.50 -22370.1910920      2.0001041
283.00 -22432.3956649      2.0025095
283.50 -22232.7464182      2.0138137
284.00 -22506.0802569      2.0113127
284.50 -22468.7014782      2.0085810
285.00 -22516.0317007      2.0215808
285.50 -22519.4948293      2.0130332
286.00 -22535.0615567      2.0194521
286.50 -22600.5346253      2.0235692
287.00 -22599.2756803      2.0350618
287.50 -22626.9460705      2.0269496
288.00 -22718.8174885      2.0274121
288.50 -22779.4869025      2.0316644
289.00 -22741.2319965      2.0373347
289.50 -22715.3722898      2.0498476
290.00 -22840.6086666      2.0314248
290.50 -22847.0709978      2.0491116
291.00 -22843.9583307      2.0558338
291.50 -23119.1603096      2.0575260
292.00 -22982.8999259      2.0494142
292.50 -22892.5713764      2.0478358
293.00 -23106.0091593      2.0756692
293.50 -23056.1742027      2.0630187
294.00 -23082.3153341      2.0627769
294.50 -23130.4345336      2.0662005
295.00 -23212.5852608      2.0813940
295.50 -23179.9027689      2.0719018
296.00 -23340.6411274      2.0751247
296.50 -23383.0488012      2.0770154
297.00 -23394.8756848      2.0821186
297.50 -23463.1407654      2.0905716
298.00 -23314.9473100      2.0898897
298.50 -23556.7812388      2.0977716
299.00 -23417.4953383      2.0876678
299.50 -23448.8001386      2.0971092
300.00 -23528.7719324      2.1074070
300.50 -23651.5730891      2.1031236
301.00 -23725.2175857      2.1048097
301.50 -23582.2368898      2.1095658
302.00 -23680.7741274      2.1101440
302.50 -23674.1827418      2.1214785
303.00 -23717.6576533      2.1210482
303.50 -23741.9783307      2.1237512
304.00 -23739.7054559      2.1278238
304.50 -23971.7599848      2.1258909
305.00 -23920.3302561      2.1239559
305.50 -24040.7662831      2.1368932
306.00 -24058.1749553      2.1383518
306.50 -24003.6900594      2.1465952
307.00 -24025.8916601      2.1410734
307.50 -24050.0819488      2.1475057
308.00 -24149.2094723      2.1556514
308.50 -24194.9556630      2.1431291
309.00 -24053.6767014      2.1620186
309.50 -24232.5992687      2.1696252
310.00 -24405.6133284      2.1514607
310.50 -24321.8389202      2.1759293
311.00 -24348.3993249      2.1637480
311.50 -24250.3616672      2.1765850
312.00 -24443.1438540      2.1732618
312.50 -24452.5051682      2.1903729
313.00 -24512.8544128      2.1745491
313.50 -24551.8437238      2.1759926
314.00 -24471.4311725      2.1948919
314.50 -24625.2768749      2.1887171
315.00 -24658.8965732      2.1972970
315.50 -24650.6324600      2.1998326
316.00 -24754.7786966      2.1858299
316.50 -24623.9189715      2.2097002
317.00 -24777.4808383      2.2073734
317.50 -24768.7693562      2.2076362
318.00 -24810.3669490      2.2162599
318.50 -24839.1501533      2.2307308
319.00 -24945.6205853      2.2349671
319.50 -24859.8494443      2.2240769
320.00 -25054.0708237      2.2159901
320.50 -24916.2214171      2.2364691
321.00 -25084.6471540      2.2297261
321.50 -25209.3356629      2.2269149
322.00 -25220.6501893      2.2301763
322.50 -25143.3099563      2.2555305
323.00 -25195.5076821      2.2483355
323.50 -25237.1379733      2.2501161
324.00 -25266.0453765      2.2289726
324.50 -25313.4947270      2.2484830
325.00 -25417.4321482      2.2623707
325.50 -25311.7289423      2.2573720
326.00 -25309.8858326      2.2602482
326.50 -25426.3592510      2.2605604
327.00 -25315.5930686      2.2469400
327.50 -25610.9699033      2.2750601
328.00 -25435.0529831      2.2879031
328.50 -25613.9644696      2.2792676
329.00 -25643.7656579      2.2661171
329.50 -25744.1688742      2.2839067
330.00 -25617.8822675      2.2725800
330.50 -25677.8383038      2.2922113
331.00 -25850.0157740      2.3001915
331.50 -25886.6313143      2.2955775
332.00 -25903.3515717      2.2923455
332.50 -25916.1686543      2.3034418
333.00 -25920.0324294      2.2957872
333.50 -25834.3346046      2.3040955
334.00 -25987.7686872      2.3176386
334.50 -26007.9425245      2.3032145
335.00 -26068.1491936      2.3141677
335.50 -26071.1118798      2.3054935
336.00 -26073.9465247      2.3229172
336.50 -26262.9348944      2.3336073
337.00 -26123.1834760      2.3385144
337.50 -26165.3367759      2.3357720
338.00 -26320.2282622      2.3406249
338.50 -26482.3698330      2.3367920
339.00 -26362.7240463      2.3373157
339.50 -26352.1757776      2.3476830
340.00 -26302.9836851      2.3684268
340.50 -26475.4506309      2.3396246
341.00 -26460.5614070      2.3620913
341.50 -26593.8783627      2.3609827
342.00 -26586.6640376      2.3736358
342.50 -26609.0751991      2.3634021
343.00 -26528.9031488      2.3680828
343.50 -26474.3613356      2.3920531
344.00 -26775.6124519      2.3667853
344.50 -26677.3265295      2.3776631
345.00 -26751.0306521      2.3689988
345.50 -26902.6297497      2.3979181
346.00 -26968.7016737      2.3983595
346.50 -26976.6841864      2.3793791
347.00 -26880.5145925      2.3985453
347.50 -27130.7230319      2.3903729
348.00 -26964.7688095      2.4097785
348.50 -26876.5948877      2.4205240
349.00 -27128.8328741      2.4006015
349.50 -27131.3604966      2.4004702
350.00 -27251.5674850      2.4038440
350.50 -27135.5091521      2.4134827
351.00 -27216.8316018      2.4139632
351.50 -27269.5906264      2.4183382
352.00 -27345.0841254      2.4361975
352.50 -27359.0054814      2.4174386
353.00 -27366.2978569      2.4206854
353.50 -27404.7928932      2.4256551
354.00 -27272.7836677      2.4292466
354.50 -27473.7684178      2.4311749
355.00 -27528.7981852      2.4330315
355.50 -27450.2731640      2.4535248
356.00 -27520.4724288      2.4361636
356.50 -27670.6169216      2.4474220
357.00 -27632.9245904      2.4439777
357.50 -27726.1961194      2.4557163
358.00 -27731.4208840      2.4770663
358.50 -27687.9539944      2.4793757
359.00 -27599.8097213      2.4725636
359.50 -27830.0566193      2.4667398
360.00 -27859.4529430      2.4712772
360.50 -28029.9952243      2.4736417
361.00 -28050.0092550      2.4708872
361.50 -27979.4232862      2.4861351
362.00 -28013.1970849      2.4873230
362.50 -28035.3348161      2.4877745
363.00 -28173.1297798      2.4908979
363.50 -28184.3773573      2.4798877
364.00 -28154.4769493      2.4877335
364.50 -28326.0974076      2.4947561
365.00 -28187.5231057      2.4932832
365.50 -28304.1425094      2.5051308
366.00 -28371.4177397      2.4864461
366.50 -28236.2419524      2.5043818
367.00 -28227.7802512      2.5177824
367.50 -28519.3143933      2.5132072
368.00 -28424.1089869      2.5086728
368.50 -28391.8428275      2.5152542
369.00 -28567.3759883      2.5448046
369.50 -28522.7747330      2.5330710
370.00 -28572.8635353      2.5400241
370.50 -28695.7645652      2.5293459
371.00 -28794.0134053      2.5272989
371.50 -28697.2110165      2.5281995
372.00 -28834.7132289      2.5515938
372.50 -28769.6188039      2.5395745
373.00 -28897.6169762      2.5498467
373.50 -28845.7572830      2.5376639
374.00 -29031.5870131      2.5557961
374.50 -29117.9595703      2.5593094
375.00 -28964.2651006      2.5628897
375.50 -28908.3397949      2.5574164
376.00 -29048.0114764      2.5632429
376.50 -29126.7136543      2.5818582
377.00 -29068.1096614      2.5741274
377.50 -29244.8430591      2.5792352
378.00 -29073.5635211      2.5892150
378.50 -29289.3166629      2.5801323
379.00 -29303.3731543      2.6174103
379.50 -29373.6961324      2.5953065
380.00 -29381.2424383      2.5883986
380.50 -29313.1194952      2.5866874
381.00 -29330.3302246      2.6093853
381.50 -29554.0835436      2.5910365
382.00 -29377.0340475      2.5976683
382.50 -29513.0973802      2.6217847
383.00 -29565.1593031      2.6193349
383.50 -29617.7809589      2.6178991
384.00 -29649.0579777      2.6059955
384.50 -29618.6723135      2.6090161
385.00 -29707.3559183      2.6246353
385.50 -29677.5327936      2.6099252
386.00 -29705.6283343      2.6346627
386.50 -29858.6470926      2.6399996
387.00 -29851.9322564      2.6285583
387.50 -29931.6574086      2.6412107
388.00 -30024.7390381      2.6344928
388.50 -29907.2298229      2.6429705
389.00 -29963.6164559      2.6466454
389.50 -30124.6568559      2.6445139
390.00 -30135.6968764      2.6468745
390.50 -30202.9966258      2.6509278
391.00 -30347.9554011      2.6549246
391.50 -30322.5940979      2.6610918
392.00 -30298.6776305      2.6597634
392.50 -30373.1387468      2.6636040
393.00 -30307.6196855      2.6549909
393.50 -30250.0636151      2.6749918
394.00 -30341.6259839      2.6812631
394.50 -30417.8419623      2.6933183
395.00 -30416.8028825      2.6705966
395.50 -30491.5943409      2.6897264
396.00 -30570.9850337      2.6866941
396.50 -30657.3010083      2.6940143
397.00 -30701.9237628      2.6844174
397.50 -30661.2929128      2.6975056
398.00 -30719.4631385      2.7203939
398.50 -30597.8524112      2.6991416
399.00 -30762.2652981      2.7089223
399.50 -30825.6227382      2.7061611
400.00 -30861.9010328      2.7227043
400.50 -30770.1399064      2.7181467
401.00 -30977.9754277      2.7166199
401.50 -30892.4821920      2.7231907
402.00 -31062.3511006      2.7217446
402.50 -31061.3685594      2.7313063
403.00 -30953.1423450      2.7258808
403.50 -31117.5542154      2.7246346
404.00 -31105.2071506      2.7366950
404.50 -31070.2821788      2.7301834
405.00 -31280.3339855      2.7513336
405.50 -31315.3502906      2.7589540
406.00 -31253.5466397      2.7579640
406.50 -31387.5957616      2.7741468
407.00 -31278.0521809      2.7640876
407.50 -31428.9428446      2.7808825
408.00 -31484.3048436      2.7624722
408.50 -31505.3553188      2.7844557
409.00 -31482.5583455      2.7758706
409.50 -31542.7925022      2.7656154
410.00 -31579.6566653      2.7610657
410.50 -31587.2347803      2.7865585
411.00 -31640.1714205      2.7800172
411.50 -31569.0967698      2.7893175
412.00 -31782.8616576      2.8049000
412.50 -31743.3803905      2.7756776
413.00 -31857.9677338      2.7972532
413.50 -31827.8870313      2.7914711
414.00 -31873.5826289      2.8136929
414.50 -31939.5026447      2.8239876
415.00 -31888.2410997      2.7967606
415.50 -31819.6221220      2.8078399
416.00 -31986.6159198      2.8004131
416.50 -31969.7308525      2.8184656
417.00 -32043.3707156      2.8170816
417.50 -32209.6511018      2.8239795
418.00 -32162.7544522      2.8406849
418.50 -32347.6436935      2.8344569
419.00 -32265.8976361      2.8281368
419.50 -32282.6543021      2.8396216
420.00 -32348.1888353      2.8583314
420.50 -32255.4429260      2.8217015
421.00 -32411.9315052      2.8282833
421.50 -32544.6352249      2.8694593
422.00 -32549.2522947      2.8482652
422.50 -32439.2449087      2.8533608
423.00 -32635.1338007      2.8652812
423.50 -32540.3162752      2.8718871
424.00 -32676.2326014      2.8759465
424.50 -32547.8871671      2.8665443
425.00 -32608.0393390      2.8788228
425.50 -32785.4520774      2.8805946
426.00 -32749.4564856      2.8719774
426.50 -32725.5186519      2.8835951
427.00 -32757.0158550      2.8873406
427.50 -32903.4478866      2.8838613
428.00 -32808.3918937      2.8896694
428.50 -32848.2111833      2.9097690
429.00 -32997.3140679      2.9011290
429.50 -33173.5963978      2.8978525
430.00 -33104.3579946      2.8973003
430.50 -33008.4345528      2.9112517
431.00 -33090.9966290      2.8905650
431.50 -33168.9577663      2.9213778
432.00 -33153.0904119      2.9004419
432.50 -33339.3596824      2.9257209
433.00 -33332.1963185      2.9160255
433.50 -33432.2938551      2.9303281
434.00 -33433.3763018      2.9112889
434.50 -33432.1495413      2.9373109
435.00 -33509.4626275      2.9171620
435.50 -33375.5469566      2.9246061
436.00 -33400.7832630      2.9332023
436.50 -33628.3570131      2.9395106
437.00 -33644.9470557      2.9422622
437.50 -33577.0863938      2.9607541
438.00 -33673.9761044      2.9503848
438.50 -33776.5856819      2.9473438
439.00 -33822.7215942      2.9591721
439.50 -33852.9191842      2.9884264
440.00 -33859.4378110      2.9748337
440.50 -33826.1943894      2.9846489
441.00 -33953.1094830      2.9746015
441.50 -33960.9535117      2.9744207
442.00 -33910.7353269      3.0110725
442.50 -34078.7928912      2.9808528
443.00 -33906.5423495      2.9968776
443.50 -34139.7617829      2.9796876
444.00 -34182.0815661      2.9963999
444.50 -34252.8695647      2.9826701
445.00 -34318.2336350      2.9991276
445.50 -34287.5389284      3.0084860
446.00 -34258.8734540      2.9979557
446.50 -34334.1128729      2.9974322
447.00 -34434.9072813      3.0090072
447.50 -34473.5544681      3.0149239
448.00 -34441.8883926      3.0177799
448.50 -34538.6889021      3.0292421
449.00 -34588.4851762      3.0101790
449.50 -34683.9163095      3.0239709
450.00 -34737.6678741      3.0388148
450.50 -34550.2830161      3.0226155
451.00 -34729.9239379      3.0489872
451.50 -34765.2216923      3.0453929
452.00 -34597.0433042      3.0403349
452.50 -34870.2144616      3.0665047
453.00 -34843.8438494      3.0421742
453.50 -35042.8047667      3.0611534
454.00 -34960.7213834      3.0522033
454.50 -34889.5011010      3.0754902
455.00 -35072.6782214      3.0631078
455.50 -35105.2280005      3.0775163
456.00 -35216.0043357      3.0677764
456.50 -35057.9666268      3.0704575
457.00 -35077.2497331      3.0643414
457.50 -35221.4759877      3.0777699
458.00 -35265.7046990      3.1058768
458.50 -35348.1671287      3.0766024
459.00 -35338.8155987      3.0845799
459.50 -35444.9539630      3.1006591
460.00 -35446.3777937      3.0965937
460.50 -35433.5510403      3.1082748
461.00 -35463.0090899      3.1031411
461.50 -35486.0574529      3.0937894
462.00 -35488.1452630      3.1228583
462.50 -35610.4400554      3.1096433
463.00 -35479.5203472      3.1124145
463.50 -35650.0796988      3.1157310
464.00 -35594.8294463      3.1299897
464.50 -35719.2226494      3.1233782
465.00 -35799.6731691      3.1442699
465.50 -35713.5901990      3.1218229
466.00 -35867.3936424      3.1386973
466.50 -35901.9304019      3.1343258
467.00 -35942.1029179      3.1362890
467.50 -36067.8430694      3.1429227
468.00 -35914.1910560      3.1259836
468.50 -36119.1012877      3.1505353
469.00 -36066.8031921      3.1385216
469.50 -36076.9246100      3.1316040
470.00 -35987.7811738      3.1719486
470.50 -36223.5156696      3.1473211
471.00 -36299.3505198      3.1628920
471.50 -36216.5437842      3.1553891
472.00 -36344.6382051      3.1738534
472.50 -36378.0837776      3.1687590
473.00 -36271.6716819      3.1852641
473.50 -36453.0886338      3.1841489
474.00 -36350.4005870      3.1655559
474.50 -36616.3089335      3.1706703
475.00 -36532.6930019      3.1926270
475.50 -36610.5443129      3.2029308
476.00 -36620.7653053      3.2027211
476.50 -36689.5660625      3.1795347
477.00 -36582.0476461      3.1864120
477.50 -36636.9512488      3.2047028
478.00 -36733.5075434      3.2225457
478.50 -36752.3274509      3.1908389
479.00 -36783.0745461      3.1934209
479.50 -36894.8021145      3.2223688
480.00 -36974.4346065      3.2221237
480.50 -36963.2186583      3.2131014
481.00 -36955.8874706      3.2233908
481.50 -36971.3392008      3.2228939
482.00 -36981.8684801      3.2332967
482.50 -37108.2393037      3.2183779
483.00 -37154.3855934      3.2412391
483.50 -37250.3985821      3.2419099
484.00 -37335.0115683      3.2387724
484.50 -37336.1179429      3.2647562
485.00 -37331.8931316      3.2309153
485.50 -37258.4463549      3.2380895
486.00 -37257.5927974      3.2630219
486.50 -37397.1928787      3.2567468
487.00 -37511.7530628      3.2436808
487.50 -37478.2841129      3.2632974
488.00 -37556.8456688      3.2711095
488.50 -37566.6290300      3.2753429
489.00 -37569.1343036      3.2797134
489.50 -37657.1104639      3.2736984
490.00 -37690.1036422      3.2834133
490.50 -37661.5126156      3.2891303
491.00 -37783.3285617      3.2781041
491.50 -37880.0512829      3.2861983
492.00 -37881.6276013      3.3025552
492.50 -37979.1026669      3.3207474
493.00 -37950.2286291      3.3083040
493.50 -38012.4279908      3.3028414
494.00 -37921.9541030      3.2977273
494.50 -38121.3586938      3.3200499
495.00 -38060.5015938      3.3072786
495.50 -38198.6158806      3.3146265
496.00 -38033.3222103      3.3052097
496.50 -38165.5897644      3.3121805
497.00 -38308.5449645      3.3195703
497.50 -38278.6886330      3.3183917
498.00 -38307.9921454      3.3413848
498.50 -38341.7669375      3.3699355
499.00 -38455.0979106      3.3522562
499.50 -38415.2647676      3.3531488
500.00 -38413.7696600      3.3474915
500.50 -38601.1036990      3.3445014
501.00 -38607.3489023      3.3442604
501.50 -38523.5885471      3.3543676
502.00 -38617.7780592      3.3693358
502.50 -38591.8349952      3.3446573
503.00 -38759.5390117      3.3675420
503.50 -38797.0490658      3.3467476
504.00 -38825.5174394      3.3730549
504.50 -38823.7416720      3.3936039
505.00 -38767.2256718      3.3710388
505.50 -38992.2798176      3.4053314
506.00 -38800.0795552      3.3862755
506.50 -39070.1718323      3.4024143
507.00 -39083.5733099      3.3798782
507.50 -39119.2218484      3.3909921
508.00 -39197.4739357      3.3798468
508.50 -39016.5418632      3.4272206
509.00 -39259.6070542      3.3976090
509.50 -39360.2539613      3.4214187
510.00 -39202.2718790      3.4065935
510.50 -39375.9875019      3.4299351
511.00 -39324.1590047      3.4131810
511.50 -39435.9620310      3.4177164
512.00 -39356.3324253      3.4208756
512.50 -39391.7218191      3.4408378
513.00 -39452.2550748      3.4154227
513.50 -39528.7710292      3.4193371
514.00 -39628.0837729      3.4500099
514.50 -39723.5857751      3.4250130
515.00 -39653.2702862      3.4154074
515.50 -39756.4070363      3.4488403
516.00 -39754.9110838      3.4554529
516.50 -39688.8667856      3.4379003
517.00 -39860.6448355      3.4657169
517.50 -39877.6793359      3.4868984
518.00 -39744.3619845      3.4493968
518.50 -39971.7134284      3.4566584
519.00 -39910.9285700      3.4669065
519.50 -39861.8683412      3.4855993
