 20.00  -5323.5784095      0.4506929
 20.50  -4943.6169484      0.4509436
 21.00  -4881.5998184      0.4506432
 21.50  -4986.1337133      0.4492241
 22.00  -4908.9002152      0.4512429
 22.50  -5020.0301425      0.4490983
 23.00  -5016.1574187      0.4501092
 23.50  -5195.6195815      0.4490765
 24.00  -5250.7291993      0.4498321
 24.50  -5054.5840322      0.4527788
 25.00  -5179.1205806      0.4509748
 25.50  -5204.0806490      0.4525515
 26.00  -5289.2865611      0.4532359
 26.50  -5263.9292450      0.4520763
 27.00  -5376.1871482      0.4520936
 27.50  -5482.8740393      0.4541818
 28.00  -5311.2273256      0.4536080
 28.50  -5373.7560056      0.4550149
 29.00  -5438.9754320      0.4532619
 29.50  -5274.4214082      0.4555225
 30.00  -5431.4090135      0.4549117
 30.50  -5554.6738183      0.4549553
 31.00  -5520.6760593      0.4541461
 31.50  -5683.3813181      0.4538104
 32.00  -5548.6786848      0.4555897
 32.50  -5676.9441480      0.4568274
 33.00  -5664.7136112      0.4554077
 33.50  -5703.6305864      0.4550481
 34.00  -5738.8199564      0.4572834
 34.50  -5851.0747137      0.4581617
 35.00  -5776.4201713      0.4565162
 35.50  -5731.3536093      0.4568913
 36.00  -5844.5436916      0.4556906
 36.50  -5895.6556265      0.4582585
 37.00  -5806.9397466      0.4584560
 37.50  -5859.0121926      0.4583509
 38.00  -6035.6696943      0.4587165
 38.50  -6036.7315861      0.4578812
 39.00  -5995.4071668      0.4572756
 39.50  -5909.7400382      0.4597935
 40.00  -5963.8732833      0.4587161
 40.50  -6065.6269407      0.4607802
 41.00  -6166.9598452      0.4617144
 41.50  -6118.5599199      0.4593978
 42.00  -6305.3209891      0.4600003
 42.50  -6178.3449779      0.4589899
 43.00  -6265.5216204      0.4599145
 43.50  -6060.6527272      0.4651551
 44.00  -6301.1362361      0.4627926
 44.50  -6348.8136537      0.4631770
 45.00  -6423.8367880      0.4637539
 45.50  -6364.9206135      0.4616225
 46.00  -6544.5751769      0.4650085
 46.50  -6528.7701545      0.4660327
 47.00  -6489.3852676      0.4644135
 47.50  -6592.7733727      0.4645838
 48.00  -6526.1464130      0.4657379
 48.50  -6480.5435522      0.4681748
 49.00  -6644.6308098      0.4655712
 49.50  -6681.8681401      0.4695722
 50.00  -6615.1912855      0.4679086
 50.50  -6583.4460993      0.4676451
 51.00  -6776.5322284      0.4686541
 51.50  -6602.8554847      0.4695088
 52.00  -6707.6185459      0.4698525
 52.50  -6778.5693772      0.4714355
 53.00  -6775.0500849      0.4696824
 53.50  -6733.2897772      0.4706849
 54.00  -6759.4654812      0.4710153
 54.50  -6878.7867435      0.4713279
 55.00  -6901.7934581      0.4727918
 55.50  -6935.9773839      0.4728328
 56.00  -6988.7186415      0.4734240
 56.50  -6998.4758838      0.4734458
 57.00  -7039.5974686      0.4740660
 57.50  -7044.0931030      0.4773574
 58.00  -7112.3242704      0.4763195
 58.50  -7059.9732691      0.4733973
 59.00  -7035.0800518      0.4740748
 59.50  -7049.5830680      0.4776050
 60.00  -7150.5200369      0.4764701
 60.50  -7236.5746478      0.4771215
 61.00  -7264.8742717      0.4795927
 61.50  -7129.2265040      0.4788718
 62.00  -7217.6959953      0.4804036
 62.50  -7113.5855404      0.4792793
 63.00  -7347.6623251      0.4809824
 63.50  -7296.5136661      0.4789624
 64.00  -7388.9721914      0.4814773
 64.50  -7468.3622863      0.4815622
 65.00  -7549.1988887      0.4801416
 65.50  -7494.7141535      0.4808971
 66.00  -7567.6128211      0.4845942
 66.50  -7482.9555556      0.4798832
 67.00  -7480.7453309      0.4853991
 67.50  -7542.7874167      0.4831563
 68.00  -7654.1509809      0.4846512
 68.50  -7648.0860315      0.4855687
 69.00  -7620.1224085      0.4848837
 69.50  -7701.0427174      0.4885274
 70.00  -7566.4663496      0.4879575
 70.50  -7607.3256866      0.4864933
 71.00  -7818.0535913      0.4867556
 71.50  -7875.7147556      0.4887110
 72.00  -7911.7989039      0.4886576
 72.50  -8003.9732278      0.4893082
 73.00  -7956.6765177      0.4896615
 73.50  -8025.2625695      0.4915826
 74.00  -7951.8228676      0.4946235
 74.50  -7989.1473248      0.4926171
 75.00  -8119.8703857      0.4915589
 75.50  -8142.4765171      0.4921660
 76.00  -8068.8968548      0.4934479
 76.50  -8192.3295543      0.4943654
 77.00  -8155.8273899      0.4928145
 77.50  -8210.2800087      0.4952345
 78.00  -8328.2303692      0.4972810
 78.50  -8258.6346720      0.4964548
 79.00  -8267.2558032      0.4997387
 79.50  -8220.1051923      0.4979175
 80.00  -8272.1496222      0.4982891
 80.50  -8314.9577928      0.4974122
 81.00  -8386.8051828      0.5008150
 81.50  -8376.7154482      0.5015881
 82.00  -8237.2862644      0.5015059
 82.50  -8473.4233082      0.5027235
 83.00  -8333.3792103      0.5037751
 83.50  -8418.0500947      0.5029486
 84.00  -8543.6715591      0.5032929
 84.50  -8542.3046816      0.5050750
 85.00  -8592.0362237      0.5070723
 85.50  -8635.8501909      0.5036645
 86.00  -8607.3435502      0.5067432
 86.50  -8701.7011654      0.5065608
 87.00  -8596.5727196      0.5070596
 87.50  -8840.4272545      0.5095395
 88.00  -8799.7641592      0.5110420
 88.50  -8840.3288167      0.5111644
 89.00  -8827.1113771      0.5119943
 89.50  -8900.5367484      0.5095415
 90.00  -8887.4366958      0.5118004
 90.50  -8855.7912933      0.5128840
 91.00  -8894.7255070      0.5143256
 91.50  -8929.7656036      0.5144254
 92.00  -9021.0174266      0.5157706
 92.50  -9030.9511303      0.5122335
 93.00  -8991.0363723      0.5159941
 93.50  -9138.1580011      0.5164351
 94.00  -9112.7683579      0.5205122
 94.50  -9158.5456256      0.5180841
 95.00  -9135.3970068      0.5184608
 95.50  -9171.0489190      0.5207223
 96.00  -9059.9502251      0.5208624
 96.50  -9193.7182098      0.5202811
 97.00  -9301.4882938      0.5228182
 97.50  -9244.9814159      0.5231800
 98.00  -9272.5363924      0.5235949
 98.50  -9272.3166722      0.5253286
 99.00  -9256.0488943      0.5221189
 99.50  -9497.8817660      0.5276736
100.00  -9328.3357008      0.5267498
100.50  -9350.9384957      0.5271470
101.00  -9498.6364866      0.5266100
101.50  -9472.0047652      0.5298483
102.00  -9540.9794962      0.5281213
102.50  -9666.0582919      0.5277739
103.00  -9541.9374265      0.5314461
103.50  -9689.9803462      0.5314006
104.00  -9611.5046040      0.5318806
104.50  -9637.3242059      0.5313893
105.00  -9596.0732680      0.5326644
105.50  -9794.4338238      0.5343234
106.00  -9767.9477273      0.5352992
106.50  -9845.1770886      0.5368610
107.00  -9802.5195108      0.5376966
107.50  -9799.9610338      0.5348365
108.00  -9854.5709472      0.5360778
108.50  -9852.5038956      0.5411269
109.00  -9959.2851382      0.5403469
109.50  -9973.6791725      0.5409812
110.00  -9915.5639503      0.5421373
110.50 -10020.6496211      0.5411582
111.00 -10102.4648232      0.5418709
111.50 -10060.0261379      0.5454056
112.00  -9996.2976326      0.5426156
112.50 -10207.0582262      0.5461521
113.00 -10162.7335069      0.5464233
113.50 -10114.9196666      0.5450352
114.00 -10164.2280232      0.5464020
114.50 -10190.3347214      0.5466314
115.00 -10250.9895364      0.5499795
115.50 -10259.0872599      0.5519876
116.00 -10364.7725979      0.5520227
116.50 -10481.2658897      0.5527519
117.00 -10287.9858012      0.5510370
117.50 -10477.0576221      0.5511662
118.00 -10421.1027259      0.5540728
118.50 -10476.0970598      0.5574348
119.00 -10537.7872222      0.5581078
119.50 -10572.4062276      0.5561674
120.00 -10373.9128413      0.5568511
120.50 -10559.1674064      0.5583226
121.00 -10693.2420605      0.5609597
121.50 -10583.8838271      0.5591758
122.00 -10661.5916333      0.5606612
122.50 -10709.2517900      0.5628737
123.00 -10670.1754758      0.5631131
123.50 -10732.3850458      0.5643103
124.00 -10783.1781856      0.5635844
124.50 -10765.5361884      0.5624586
125.00 -10879.9573218      0.5642898
125.50 -10771.6370885      0.5662658
126.00 -10907.1285459      0.5686753
126.50 -10957.1449845      0.5697019
127.00 -11035.6581938      0.5696673
127.50 -10867.6666919      0.5708043
128.00 -11029.8265694      0.5718119
128.50 -10993.1260892      0.5725145
129.00 -10993.8712848      0.5734698
129.50 -10980.4468411      0.5755261
130.00 -11101.5899116      0.5739435
130.50 -11168.4156089      0.5751387
131.00 -11221.5429939      0.5747192
131.50 -11198.5443551      0.5752700
132.00 -11227.8880784      0.5769327
132.50 -11173.9162287      0.5793204
133.00 -11257.3186475      0.5772325
133.50 -11367.0932817      0.5835600
134.00 -11392.6401923      0.5831454
134.50 -11429.7828506      0.5826209
135.00 -11418.7837326      0.5811237
135.50 -11438.3511192      0.5845208
136.00 -11467.7129615      0.5819164
136.50 -11470.3716635      0.5872197
137.00 -11373.1690600      0.5877781
137.50 -11504.2687203      0.5872723
138.00 -11600.2337996      0.5901982
138.50 -11533.1596272      0.5873350
139.00 -11665.2963247      0.5928189
139.50 -11649.7657729      0.5945630
140.00 -11672.9035794      0.5928330
140.50 -11722.6960051      0.5905211
141.00 -11819.8436527      0.5957905
141.50 -11795.6882158      0.5959941
142.00 -11767.0681138      0.5964640
142.50 -11847.1140980      0.5971826
143.00 -11846.0866073      0.5932658
143.50 -11932.9401488      0.5983630
144.00 -11968.7524570      0.6017370
144.50 -11979.1166130      0.5976243
145.00 -11900.2657955      0.6001953
145.50 -11912.3144832      0.6036663
146.00 -12010.0505689      0.6020600
146.50 -11966.1005405      0.6030227
147.00 -11907.4224881      0.6020190
147.50 -11989.3966841      0.6065902
148.00 -12108.5754018      0.6081707
148.50 -12070.0880726      0.6059385
149.00 -12128.6704944      0.6099662
149.50 -12303.7374747      0.6134432
150.00 -12156.3845109      0.6122986
150.50 -12256.3412097      0.6136984
151.00 -12358.4443367      0.6153145
151.50 -12344.6743663      0.6155930
152.00 -12238.8710371      0.6141365
152.50 -12367.0766682      0.6167293
153.00 -12506.9493327      0.6141797
153.50 -12448.5912500      0.6169999
154.00 -12408.0289878      0.6218219
154.50 -12463.8933105      0.6235151
155.00 -12527.3292954      0.6198682
155.50 -12568.6339154      0.6199739
156.00 -12678.0015137      0.6243754
156.50 -12550.9379205      0.6221327
157.00 -12582.1942492      0.6257885
157.50 -12610.2990858      0.6244744
158.00 -12705.5758916      0.6274824
158.50 -12720.9754768      0.6298704
159.00 -12822.0168336      0.6245109
159.50 -12706.0813837      0.6290234
160.00 -12696.4684973      0.6301767
160.50 -12947.9416728      0.6340456
161.00 -12814.3120195      0.6345028
161.50 -12822.4631958      0.6315181
162.00 -12850.0388934      0.6349886
162.50 -12936.1451613      0.6340651
163.00 -12949.9988668      0.6370553
163.50 -13087.0892788      0.6443185
164.00 -13006.8341084      0.6384158
164.50 -13087.7913971      0.6409930
165.00 -13106.8012230      0.6411250
165.50 -12989.9688855      0.6454139
166.00 -13362.8798796      0.6438879
166.50 -13213.9345423      0.6462723
167.00 -13059.9598479      0.6413876
167.50 -13209.9540647      0.6450241
168.00 -13265.5841366      0.6426495
168.50 -13287.1418167      0.6462510
169.00 -13351.8578362      0.6494771
169.50 -13241.3943543      0.6511977
170.00 -13449.1603659      0.6512612
170.50 -13374.7426587      0.6532109
171.00 -13267.1114027      0.6535425
171.50 -13445.8871912      0.6546843
172.00 -13508.3582963      0.6566974
172.50 -13567.5526096      0.6551375
173.00 -13566.4970677      0.6601874
173.50 -13586.4371355      0.6608285
174.00 -13621.2678041      0.6611515
174.50 -13486.9323960      0.6597708
175.00 -13618.3885196      0.6589773
175.50 -13633.4102299      0.6633249
176.00 -13712.1078808      0.6616294
176.50 -13780.3770752      0.6657019
177.00 -13727.4257285      0.6669681
177.50 -13773.4025039      0.6659180
178.00 -13827.0121747      0.6702411
178.50 -13844.8053591      0.6666131
179.00 -13931.3759493      0.6690180
179.50 -13843.4726041      0.6662809
180.00 -13973.9740380      0.6721529
180.50 -14004.9270327      0.6734036
181.00 -14040.2251219      0.6740350
181.50 -14007.4061058      0.6756171
182.00 -14049.7240524      0.6769379
182.50 -13942.4758813      0.6775842
183.00 -14235.4845000      0.6789375
183.50 -14160.1113478      0.6767276
184.00 -14140.3334560      0.6783287
184.50 -14250.6678343      0.6816954
185.00 -14330.6186645      0.6834739
185.50 -14227.2013506      0.6845359
186.00 -14260.5994332      0.6844372
186.50 -14223.3885218      0.6855801
187.00 -14464.4831674      0.6845606
187.50 -14381.9904495      0.6874089
188.00 -14313.3394586      0.6893642
188.50 -14307.6477703      0.6936464
189.00 -14467.5226239      0.6912955
189.50 -14460.2962516      0.6933219
190.00 -14540.7118083      0.6909124
190.50 -14553.1913055      0.6945217
191.00 -14518.4482585      0.6984827
191.50 -14579.2489547      0.6955055
192.00 -14576.8265900      0.6971904
192.50 -14614.3571651      0.6966558
193.00 -14629.3624618      0.6970968
193.50 -14682.3016566      0.6966748
194.00 -14690.4984503      0.6976790
194.50 -14824.0097420      0.7011890
195.00 -14844.5152815      0.7027553
195.50 -14843.6185022      0.7028492
196.00 -14876.0632976      0.7044127
196.50 -14916.8346406      0.7060239
197.00 -14969.3176743      0.7099694
197.50 -14976.3968466      0.7090359
198.00 -14967.1888959      0.7130109
198.50 -14828.1534497      0.7068893
199.00 -14938.7238464      0.7111597
199.50 -15023.9803058      0.7128020
200.00 -15013.9030327      0.7174017
200.50 -15040.9967670      0.7153167
201.00 -15152.5914763      0.7167289
201.50 -15195.0408891      0.7161919
202.00 -15141.5423646      0.7165636
202.50 -15141.2629792      0.7161661
203.00 -15255.2579039      0.7209898
203.50 -15295.9572221      0.7224649
204.00 -15286.3772744      0.7198733
204.50 -15371.9911762      0.7253608
205.00 -15395.0489451      0.7204718
205.50 -15434.2852063      0.7215287
206.00 -15400.2237560      0.7272021
206.50 -15474.5130456      0.7275870
207.00 -15503.4696575      0.7284958
207.50 -15600.9080682      0.7312255
208.00 -15487.8428830      0.7335193
208.50 -15599.3987700      0.7333820
209.00 -15572.8467162      0.7306149
209.50 -15707.9195740      0.7313688
210.00 -15586.3410382      0.7319032
210.50 -15720.4219768      0.7367447
211.00 -15661.9593483      0.7348678
211.50 -15658.6723156      0.7399350
212.00 -15604.9641286      0.7365893
212.50 -15750.2271134      0.7405093
213.00 -15805.4147108      0.7427726
213.50 -15770.0142021      0.7455175
214.00 -15951.3450690      0.7455626
214.50 -15827.2581744      0.7418589
215.00 -15885.2919614      0.7475560
215.50 -15895.2187908      0.7465932
216.00 -15966.9638365      0.7478661
216.50 -15951.2989515      0.7510846
217.00 -16130.1022340      0.7490922
217.50 -16146.6420483      0.7520494
218.00 -16067.1648255      0.7554287
218.50 -15983.1991620      0.7518703
219.00 -16109.6399877      0.7546432
219.50 -16095.1669703      0.7551086
220.00 -16285.1045611      0.7611730
220.50 -16180.9819625      0.7593118
221.00 -16235.6622948      0.7571180
221.50 -16184.7993978      0.7633212
222.00 -16350.7916793      0.7570928
222.50 -16289.4875876      0.7614396
223.00 -16325.5986126      0.7662128
223.50 -16436.8314343      0.7712984
224.00 -16394.7611669      0.7653977
224.50 -16472.6929097      0.7687862
225.00 -16409.6043046      0.7662267
225.50 -16368.5256581      0.7687786
226.00 -16587.5205471      0.7700828
226.50 -16635.5126487      0.7705321
227.00 -16677.3557092      0.7746513
227.50 -16645.5304600      0.7719890
228.00 -16645.1504184      0.7732849
228.50 -16871.6452976      0.7781273
229.00 -16606.0005970      0.7785624
229.50 -16627.3827288      0.7786707
230.00 -16691.3313558      0.7832862
230.50 -16593.6909505      0.7851684
231.00 -16837.1207775      0.7845198
231.50 -16789.5844219      0.7834880
232.00 -16843.1301732      0.7838476
232.50 -16862.9178939      0.7859641
233.00 -16955.7722985      0.7889357
233.50 -16828.1636174      0.7907100
234.00 -16851.6738531      0.7868318
234.50 -16967.4763871      0.7858281
235.00 -16930.5874408      0.7875184
235.50 -17108.8224159      0.7891959
236.00 -16994.5301731      0.7971432
236.50 -17049.6684382      0.7946608
237.00 -17247.7732361      0.7992527
237.50 -17281.6271983      0.7973124
238.00 -17210.8537577      0.7991637
238.50 -17327.3528707      0.7967754
239.00 -17220.0782854      0.7965220
239.50 -17307.2685578      0.8003934
240.00 -17326.6067355      0.8015099
240.50 -17331.9765382      0.8072654
241.00 -17402.7105551      0.8035152
241.50 -17463.2577174      0.8064545
242.00 -17551.8463660      0.8095293
242.50 -17583.3344961      0.8056883
243.00 -17499.3305636      0.8094729
243.50 -17641.2739404      0.8164519
244.00 -17537.6725448      0.8168697
244.50 -17531.6860519      0.8155214
245.00 -17626.1946849      0.8144209
245.50 -17704.0985450      0.8166604
246.00 -17673.9184135      0.8216513
246.50 -17642.6098373      0.8166632
247.00 -17688.1231728      0.8235246
247.50 -17802.6776371      0.8257689
248.00 -17686.4631423      0.8226619
248.50 -17801.5591574      0.8265042
249.00 -17891.1409277      0.8254767
249.50 -17884.6250236      0.8236850
250.00 -17819.6527147      0.8276095
250.50 -17849.4141824      0.8253101
251.00 -18009.6325169      0.8312571
251.50 -17916.4786855      0.8300903
252.00 -18095.0024757      0.8288550
252.50 -18097.4970693      0.8319123
253.00 -18047.6794952      0.8361802
253.50 -18107.4244547      0.8374016
254.00 -18130.3668362      0.8371213
254.50 -18120.6732974      0.8362643
255.00 -18140.0245033      0.8410507
255.50 -18148.7972102      0.8377878
256.00 -18138.7411741      0.8422021
256.50 -18080.1765973      0.8381208
257.00 -18267.5831805      0.8427633
257.50 -18271.1347264      0.8453298
258.00 -18282.6808866      0.8419299
258.50 -18315.4230254      0.8513462
259.00 -18467.4542825      0.8474751
259.50 -18526.3681745      0.8531819
260.00 -18486.5529545      0.8479016
260.50 -18398.7874255      0.8484824
261.00 -18649.4244561      0.8480826
261.50 -18374.4469173      0.8517414
262.00 -18462.4987657      0.8563952
262.50 -18624.8297563      0.8571333
263.00 -18650.1560258      0.8612867
263.50 -18540.1069995      0.8568338
264.00 -18794.6642800      0.8611972
264.50 -18795.0872251      0.8573014
265.00 -18791.0060963      0.8611113
265.50 -18752.8995039      0.8626682
266.00 -18738.9947564      0.8620840
266.50 -18663.0893220      0.8642921
267.00 -18826.1124631      0.8698903
267.50 -18841.5566318      0.8683354
268.00 -18849.3897474      0.8706589
268.50 -18868.3358359      0.8689614
269.00 -19064.4960450      0.8725713
269.50 -18945.7772093      0.8763758
270.00 -18910.3098722      0.8680174
270.50 -19037.9257529      0.8749887
271.00 -18978.3959115      0.8774295
271.50 -19110.5234077      0.8789229
272.00 -19217.3646536      0.8791599
272.50 -19160.0720303      0.8825672
273.00 -19075.7828078      0.8858184
273.50 -19200.0773331      0.8823432
274.00 -19328.1453033      0.8779142
274.50 -19304.4322041      0.8862266
275.00 -19440.9797152      0.8819321
275.50 -19186.2227829      0.8921926
276.00 -19337.0040836      0.8912449
276.50 -19486.3529128      0.8875515
277.00 -19429.8139592      0.8917402
277.50 -19404.8990300      0.8959948
278.00 -19481.3774079      0.8990314
278.50 -19561.8063138      0.9014797
279.00 -19600.3343522      0.8934262
279.50 -19547.4115464      0.8960504
280.00 -19603.5314877      0.8983650
280.50 -19760.4684379      0.9015419
281.00 -19635.6712375      0.8951274
281.50 -19623.3470288      0.9026135
282.00 -19612.7049620      0.9027751
282.50 -19754.4421532      0.9073851
283.00 -19814.0803681      0.9053366
283.50 -19653.5885198      0.9082199
284.00 -19924.3479635      0.9083500
284.50 -19838.0101766      0.9069643
285.00 -19878.3811095      0.9053631
285.50 -19928.3037684      0.9061145
286.00 -19865.5441943      0.9129194
286.50 -19953.1349105      0.9143758
287.00 -20061.0893984      0.9116408
287.50 -19933.7146615      0.9132456
288.00 -20042.6395113      0.9189349
288.50 -20072.1890185      0.9195421
289.00 -20060.9845309      0.9194596
289.50 -20003.7263372      0.9209468
290.00 -20141.4281903      0.9196756
290.50 -20138.1077120      0.9169600
291.00 -20090.1701574      0.9257557
291.50 -20398.7586253      0.9274811
292.00 -20252.9058476      0.9314413
292.50 -20182.2110968      0.9285871
293.00 -20388.1006813      0.9308707
293.50 -20389.1657283      0.9292310
294.00 -20377.2658612      0.9286946
294.50 -20393.7301194      0.9343216
295.00 -20453.7596409      0.9314695
295.50 -20427.4176470      0.9313495
296.00 -20536.9604156      0.9351962
296.50 -20596.7173789      0.9356790
297.00 -20573.7952944      0.9391329
297.50 -20650.0480954      0.9425467
298.00 -20620.6600964      0.9384442
298.50 -20747.2670010      0.9383627
299.00 -20609.2840768      0.9453032
299.50 -20616.8811849      0.9418446
300.00 -20719.8391596      0.9474926
300.50 -20818.5533542      0.9482888
301.00 -20865.4916549      0.9489953
301.50 -20785.2356766      0.9526503
302.00 -20832.4462401      0.9463098
302.50 -20837.1128000      0.9545112
303.00 -20892.5536218      0.9565007
303.50 -20888.7395885      0.9555495
304.00 -20858.9252118      0.9535718
304.50 -21077.5127047      0.9617660
305.00 -20985.4755464      0.9634673
305.50 -21108.2483279      0.9592486
306.00 -21137.1538059      0.9644885
306.50 -21073.6595269      0.9658183
307.00 -21070.7538390      0.9603726
307.50 -21113.1868905      0.9688091
308.00 -21154.2732319      0.9638318
308.50 -21224.1630732      0.9707092
309.00 -21185.9411810      0.9661133
309.50 -21270.7678972      0.9741168
310.00 -21376.0885171      0.9680635
310.50 -21318.5039905      0.9742041
311.00 -21394.0686760      0.9709716
311.50 -21299.6637172      0.9734805
312.00 -21435.4306637      0.9776969
312.50 -21468.3776373      0.9791791
313.00 -21461.5438564      0.9818746
313.50 -21524.9526708      0.9775859
314.00 -21469.1043886      0.9776780
314.50 -21657.5036132      0.9853284
315.00 -21607.6936388      0.9822644
315.50 -21600.4854577      0.9816845
316.00 -21695.5206546      0.9805049
316.50 -21532.1153290      0.9869236
317.00 -21677.9962998      0.9869924
317.50 -21708.9289137      0.9884343
318.00 -21726.0899668      0.9941441
318.50 -21775.6142500      0.9950747
319.00 -21861.5756845      0.9953561
319.50 -21755.9651775      0.9862910
320.00 -21973.4085206      0.9994186
320.50 -21825.2280027      0.9982520
321.00 -21925.4237578      0.9937112
321.50 -22070.7411538      0.9987431
322.00 -22036.0067936      1.0044878
322.50 -21982.0547313      0.9989917
323.00 -22000.4210943      0.9999393
323.50 -22076.8691136      1.0002518
324.00 -22070.1778916      1.0047918
324.50 -22124.7299203      1.0061967
325.00 -22236.5864675      1.0049564
325.50 -22102.7119415      1.0087103
326.00 -22117.4450648      1.0141077
326.50 -22184.2492280      1.0111057
327.00 -22121.2556763      1.0069948
327.50 -22398.7138118      1.0164440
328.00 -22216.4442730      1.0160454
328.50 -22378.4623321      1.0162164
329.00 -22390.7576914      1.0122805
329.50 -22489.0375547      1.0204173
330.00 -22384.1596334      1.0158763
330.50 -22424.0812523      1.0242754
331.00 -22521.2436984      1.0189192
331.50 -22559.4889082      1.0188114
332.00 -22583.6079181      1.0192056
332.50 -22562.8096006      1.0254955
333.00 -22596.8526616      1.0223887
333.50 -22491.6189535      1.0307415
334.00 -22665.5657489      1.0301263
334.50 -22696.5098819      1.0268997
335.00 -22749.5750153      1.0322907
335.50 -22696.7670730      1.0301763
336.00 -22708.8410810      1.0420487
336.50 -22863.1780999      1.0407165
337.00 -22740.2323420      1.0344881
337.50 -22811.0208222      1.0424147
338.00 -22913.9399828      1.0420719
338.50 -22998.7250408      1.0406693
339.00 -22967.9230440      1.0400667
339.50 -22947.6824745      1.0480015
340.00 -22914.7864275      1.0434020
340.50 -23023.5679604      1.0455514
341.00 -23013.4210486      1.0476007
341.50 -23204.9473454      1.0505662
342.00 -23142.2284585      1.0545400
342.50 -23163.1758151      1.0525677
343.00 -23048.4437719      1.0501208
343.50 -23102.8843505      1.0531352
344.00 -23281.9764636      1.0492090
344.50 -23205.9747553      1.0553907
345.00 -23267.4486005      1.0575345
345.50 -23369.2092284      1.0639633
346.00 -23476.3885762      1.0637046
346.50 -23437.4506746      1.0638181
347.00 -23371.3200573      1.0651283
347.50 -23600.7978741      1.0615393
348.00 -23404.1573318      1.0646128
348.50 -23330.1761003      1.0665821
349.00 -23552.9593053      1.0694838
349.50 -23572.4481977      1.0726368
350.00 -23635.1168832      1.0737120
350.50 -23567.2498015      1.0733906
351.00 -23634.3948625      1.0724317
351.50 -23694.3176429      1.0778476
352.00 -23782.5188101      1.0822100
352.50 -23732.5010038      1.0800574
353.00 -23745.6920081      1.0757258
353.50 -23840.0451445      1.0782326
354.00 -23671.8873366      1.0871527
354.50 -23822.3135282      1.0894256
355.00 -23834.2504066      1.0791543
355.50 -23761.8405272      1.0818627
356.00 -23858.6287808      1.0822079
356.50 -23967.9483793      1.0876680
357.00 -23967.2911306      1.0937910
357.50 -23995.9907056      1.0912584
358.00 -24022.7627648      1.0893113
358.50 -24019.6099976      1.0928318
359.00 -24062.8860516      1.0960334
359.50 -24156.4869576      1.0946311
360.00 -24134.2575989      1.0955002
360.50 -24280.6217719      1.0978090
361.00 -24260.9363130      1.1020553
361.50 -24252.0884300      1.0992904
362.00 -24235.1310650      1.0940314
362.50 -24231.0467395      1.1010411
363.00 -24403.3286934      1.0954797
363.50 -24391.5180337      1.1059792
364.00 -24338.0144368      1.1062885
364.50 -24488.5057838      1.1047237
365.00 -24368.1658953      1.1057651
365.50 -24459.4240622      1.1163845
366.00 -24521.7312002      1.1061529
366.50 -24465.3313908      1.1106470
367.00 -24401.4236752      1.1152244
367.50 -24695.7301184      1.1131812
368.00 -24471.4294913      1.1094895
368.50 -24500.7506824      1.1162444
369.00 -24734.7272479      1.1172989
369.50 -24624.0083274      1.1231002
370.00 -24664.6062235      1.1216394
370.50 -24768.6641009      1.1226295
371.00 -24907.1829669      1.1262962
371.50 -24806.4399288      1.1221297
372.00 -24869.2346351      1.1272142
372.50 -24818.8048266      1.1265749
373.00 -24919.9823746      1.1339335
373.50 -24855.4255078      1.1337009
374.00 -25069.9328967      1.1282390
374.50 -25168.0101730      1.1380255
375.00 -24960.3840719      1.1305693
375.50 -24917.4674883      1.1369573
376.00 -25104.3881843      1.1344838
376.50 -25224.6146447      1.1428830
377.00 -25100.8955204      1.1397436
377.50 -25178.6162657      1.1372911
378.00 -25075.5314004      1.1414969
378.50 -25258.5422324      1.1400156
379.00 -25253.5164177      1.1467188
379.50 -25234.5448322      1.1427969
380.00 -25316.2586350      1.1429496
380.50 -25245.5026594      1.1495679
381.00 -25346.7369606      1.1572034
381.50 -25500.4833796      1.1496376
382.00 -25293.5873557      1.1538852
382.50 -25408.8945229      1.1540040
383.00 -25439.4167896      1.1548898
383.50 -25408.5752259      1.1602320
384.00 -25490.2518846      1.1568424
384.50 -25569.6465375      1.1577465
385.00 -25523.2402405      1.1610638
385.50 -25554.2040478      1.1573746
386.00 -25542.5265631      1.1659068
386.50 -25686.3739705      1.1647697
387.00 -25663.2616321      1.1572810
387.50 -25775.8751426      1.1662220
388.00 -25817.4340906      1.1697066
388.50 -25756.1110548      1.1693814
389.00 -25737.7340017      1.1695741
389.50 -25903.4285439      1.1751208
390.00 -25957.8537862      1.1735845
390.50 -25938.5051917      1.1705719
391.00 -26015.2132299      1.1753826
391.50 -26021.7388847      1.1734661
392.00 -26047.2809466      1.1818482
392.50 -26145.3935645      1.1809031
393.00 -26020.6965037      1.1813994
393.50 -25953.1857067      1.1836094
394.00 -26032.1710874      1.1871978
394.50 -26078.5009890      1.1833735
395.00 -26079.5292790      1.1729802
395.50 -26230.7535803      1.1852845
396.00 -26207.5490582      1.1898134
396.50 -26322.3589523      1.1915284
397.00 -26364.7856592      1.1935226
397.50 -26332.6689810      1.1894015
398.00 -26321.0643423      1.1930293
398.50 -26275.3010676      1.1912988
399.00 -26379.1488486      1.1969885
399.50 -26407.2538955      1.1964840
400.00 -26417.3969729      1.1926358
400.50 -26304.7493304      1.2058935
401.00 -26503.6673031      1.2032315
401.50 -26421.9101505      1.1976184
402.00 -26615.5524401      1.2016063
402.50 -26593.4007363      1.2052646
403.00 -26530.9641818      1.2004544
403.50 -26555.2749456      1.2076581
404.00 -26640.0708225      1.2048079
404.50 -26534.2811401      1.2089994
405.00 -26766.7025698      1.2166976
405.50 -26762.3900239      1.2183956
406.00 -26716.9714182      1.2160983
406.50 -26814.1318689      1.2172731
407.00 -26739.0378606      1.2162643
407.50 -26859.1693330      1.2158487
408.00 -26929.9490341      1.2269721
408.50 -26924.8465013      1.2241355
409.00 -26884.1309221      1.2232402
409.50 -26968.8719084      1.2233317
410.00 -26994.7970956      1.2252780
410.50 -26997.4215612      1.2350301
411.00 -27020.5406484      1.2299846
411.50 -26968.9545189      1.2324230
412.00 -27140.8811579      1.2285950
412.50 -27104.4817050      1.2271749
413.00 -27306.2825610      1.2227112
413.50 -27208.7788478      1.2350535
414.00 -27307.9390183      1.2333877
414.50 -27263.1158220      1.2325540
415.00 -27209.8329233      1.2399521
415.50 -27197.1270929      1.2371516
416.00 -27276.6577965      1.2454833
416.50 -27262.5762005      1.2440355
417.00 -27336.0543205      1.2384353
417.50 -27484.5365310      1.2463682
418.00 -27469.9569119      1.2435213
418.50 -27563.0544660      1.2448489
419.00 -27532.6116401      1.2521275
419.50 -27515.4949846      1.2533010
420.00 -27568.3012865      1.2461169
420.50 -27461.8218714      1.2467838
421.00 -27639.4084481      1.2525772
421.50 -27700.9133640      1.2605107
422.00 -27746.9268085      1.2603548
422.50 -27657.0107152      1.2599044
423.00 -27770.3314529      1.2627198
423.50 -27706.8496373      1.2613873
424.00 -27841.7243885      1.2531569
424.50 -27729.3853578      1.2650322
425.00 -27736.3201262      1.2594723
425.50 -27900.1232818      1.2627758
426.00 -27856.8918868      1.2659571
426.50 -27808.5555821      1.2759949
427.00 -27842.9745739      1.2730581
427.50 -28010.8386591      1.2646551
428.00 -27919.8867533      1.2683073
428.50 -28058.5183822      1.2806326
429.00 -28073.1356479      1.2696631
429.50 -28238.6345960      1.2820319
430.00 -28149.1595406      1.2846131
430.50 -28076.5998810      1.2825430
431.00 -28042.2672900      1.2782170
431.50 -28209.8370106      1.2810585
432.00 -28186.7114061      1.2840243
432.50 -28390.4464541      1.2808712
433.00 -28302.1207954      1.2809108
433.50 -28405.2370508      1.2894917
434.00 -28391.0045489      1.2778217
434.50 -28378.9128741      1.2879800
435.00 -28378.0451999      1.2901727
435.50 -28317.9357516      1.2886020
436.00 -28465.0158354      1.2890032
436.50 -28497.4614680      1.2954647
437.00 -28519.5971771      1.2959667
437.50 -28457.1811641      1.2956679
438.00 -28550.9721907      1.2984546
438.50 -28648.2664090      1.3064167
439.00 -28741.6330134      1.2987143
439.50 -28622.8369856      1.2987708
440.00 -28685.1447949      1.2973167
440.50 -28684.5515283      1.2979681
441.00 -28758.0808650      1.2995366
441.50 -28759.7517640      1.3044713
442.00 -28736.5288930      1.3140472
442.50 -28882.3248637      1.3178118
443.00 -28747.6346732      1.3185304
443.50 -29008.1032475      1.3088195
444.00 -28875.5623756      1.3120376
444.50 -29026.6329120      1.3110652
445.00 -29069.1102696      1.3158607
445.50 -29022.6783400      1.3198790
446.00 -29011.6736041      1.3190990
446.50 -29104.0217600      1.3153423
447.00 -29098.6556591      1.3303488
447.50 -29181.4218151      1.3251546
448.00 -29119.5429651      1.3261857
448.50 -29210.9550479      1.3212532
449.00 -29290.0160248      1.3282637
449.50 -29402.9661838      1.3244138
450.00 -29367.1479758      1.3285975
450.50 -29320.0697438      1.3315567
451.00 -29387.7702279      1.3338738
451.50 -29330.5413259      1.3250094
452.00 -29190.9342801      1.3269051
452.50 -29546.6455041      1.3358583
453.00 -29428.1494939      1.3437965
453.50 -29601.0117960      1.3338829
454.00 -29489.8347785      1.3304889
454.50 -29458.5057491      1.3475404
455.00 -29649.4655520      1.3393049
455.50 -29653.0673242      1.3360894
456.00 -29702.9801634      1.3417129
456.50 -29626.1207638      1.3492928
457.00 -29563.6379527      1.3433234
457.50 -29701.9741385      1.3493768
458.00 -29763.4359177      1.3505979
458.50 -29809.7297844      1.3462071
459.00 -29797.0773432      1.3514407
459.50 -29910.2727109      1.3513624
460.00 -29891.8107601      1.3598590
460.50 -29872.0442575      1.3475467
461.00 -29983.8732733      1.3584442
461.50 -29989.9815551      1.3600334
462.00 -29901.9134498      1.3578383
462.50 -30016.4748613      1.3609554
463.00 -29906.0409857      1.3681733
463.50 -30088.6085995      1.3507458
464.00 -29972.4994395      1.3706827
464.50 -30046.3071564      1.3630109
465.00 -30182.4008502      1.3695878
465.50 -30099.5604048      1.3664846
466.00 -30174.0906428      1.3691920
466.50 -30300.4169808      1.3775981
467.00 -30268.5970802      1.3738935
467.50 -30369.1857488      1.3652135
468.00 -30223.0767896      1.3732597
468.50 -30427.0171158      1.3716899
469.00 -30352.3026363      1.3741386
469.50 -30305.4875624      1.3692433
470.00 -30353.2598207      1.3863379
470.50 -30483.5044873      1.3706601
471.00 -30538.3857822      1.3861895
471.50 -30390.2425099      1.3831193
472.00 -30574.1395414      1.3917329
472.50 -30585.2406600      1.3751668
473.00 -30469.6250410      1.3885728
473.50 -30637.9627692      1.3842418
474.00 -30547.3437624      1.3865322
474.50 -30780.0547659      1.3933782
475.00 -30719.2645826      1.3981441
475.50 -30783.9460178      1.4035349
476.00 -30832.2146362      1.3989735
476.50 -30843.6052555      1.3948621
477.00 -30750.9586288      1.4036999
477.50 -30780.2799309      1.4028839
478.00 -30861.0380995      1.4063368
478.50 -30893.8643146      1.4035549
479.00 -30895.0391046      1.4031859
479.50 -30951.3442623      1.4046798
480.00 -31081.0664942      1.4085164
480.50 -31024.5330522      1.3994829
481.00 -31099.4110925      1.4129338
481.50 -30974.9361360      1.4191756
482.00 -30970.7646522      1.4280539
482.50 -31107.0582269      1.4118780
483.00 -31201.0627721      1.4317367
483.50 -31268.9322179      1.4192162
484.00 -31326.6412535      1.4059093
484.50 -31314.2966866      1.4235462
485.00 -31318.1616957      1.4231801
485.50 -31233.6801645      1.4244749
486.00 -31176.3828839      1.4274160
486.50 -31329.7152132      1.4230791
487.00 -31489.5420256      1.4185383
487.50 -31367.9766541      1.4228674
488.00 -31468.3365675      1.4248243
488.50 -31460.8753659      1.4239531
489.00 -31477.8167957      1.4295529
489.50 -31523.0343969      1.4435116
490.00 -31615.2626150      1.4335764
490.50 -31492.8470750      1.4355473
491.00 -31654.1389260      1.4357173
491.50 -31691.6865450      1.4420628
492.00 -31743.2737866      1.4400765
492.50 -31778.6130875      1.4523561
493.00 -31786.2865336      1.4416117
493.50 -31727.4982205      1.4461245
494.00 -31822.2447579      1.4484576
494.50 -31862.0899067      1.4456934
495.00 -31841.1180153      1.4469119
495.50 -31945.7917934      1.4460057
496.00 -31754.9926056      1.4431000
496.50 -31880.9088725      1.4428201
497.00 -32011.1818902      1.4585365
497.50 -31960.7703673      1.4482680
498.00 -32063.0040708      1.4631583
498.50 -32067.4815804      1.4538152
499.00 -32124.1968849      1.4593124
499.50 -32098.2232815      1.4661157
500.00 -32115.9932966      1.4608167
500.50 -32247.4360117      1.4525028
501.00 -32191.9470713      1.4584433
501.50 -32133.4576321      1.4606913
502.00 -32326.6833078      1.4637514
502.50 -32236.7590285      1.4671875
503.00 -32377.3408702      1.4589183
503.50 -32441.2307775      1.4688922
504.00 -32401.2465597      1.4673956
504.50 -32410.7079880      1.4700978
505.00 -32476.6933188      1.4781798
505.50 -32551.6321199      1.4711505
506.00 -32331.2409135      1.4654829
506.50 -32588.0143977      1.4739161
507.00 -32620.5337164      1.4773786
507.50 -32556.5260493      1.4814780
508.00 -32703.9816224      1.4759200
508.50 -32526.6622110      1.4807287
509.00 -32681.9391216      1.4929563
509.50 -32802.9448900      1.4783874
510.00 -32686.4605271      1.4883479
510.50 -32772.1070704      1.4954957
511.00 -32776.6454055      1.4912811
511.50 -32811.2708906      1.4858534
512.00 -32791.2261942      1.4944636
512.50 -32808.7667134      1.4974264
513.00 -32902.5735191      1.4917707
513.50 -32951.2068290      1.4875131
514.00 -33000.0441908      1.4951501
514.50 -33089.9525789      1.4974786
515.00 -33017.5438480      1.5068756
515.50 -33125.1003673      1.5056645
516.00 -33104.0387148      1.5073003
516.50 -33005.8234596      1.5077373
517.00 -33130.0595242      1.5027120
517.50 -33173.6516786      1.5051325
518.00 -33119.6319400      1.5112823
518.50 -33219.8354616      1.5113614
519.00 -33139.4361982      1.5097599
519.50 -33152.9670425      1.5078689
