  0.00  -4129.0091132      0.4045812
  0.50  -3818.2996050      0.4035359
  1.00  -3817.6764340      0.4037878
  1.50  -3890.2881857      0.4028590
  2.00  -3881.9187050      0.4036239
  2.50  -3872.3035106      0.4019720
  3.00  -3938.1919272      0.4026143
  3.50  -3975.9790634      0.4013730
  4.00  -4012.8900901      0.4018018
  4.50  -4001.1460330      0.4036520
  5.00  -4095.0113996      0.4030149
  5.50  -4082.8190197      0.4024919
  6.00  -4134.3037012      0.4042101
  6.50  -4154.3247750      0.4034919
  7.00  -4196.0652150      0.4038296
  7.50  -4240.1224054      0.4044421
  8.00  -4209.7831618      0.4049353
  8.50  -4264.6566448      0.4045678
  9.00  -4267.4277931      0.4033640
  9.50  -4253.0980812      0.4046387
 10.00  -4298.9699747      0.4048159
 10.50  -4390.2163937      0.4048422
 11.00  -4398.4788840      0.4042891
 11.50  -4437.3497713      0.4043665
 12.00  -4429.4268756      0.4044020
 12.50  -4523.6735356      0.4048268
 13.00  -4505.2343624      0.4029712
 13.50  -4553.7450961      0.4045335
 14.00  -4583.8614855      0.4046513
 14.50  -4557.1428960      0.4061132
 15.00  -4596.9354211      0.4052359
 15.50  -4614.4155235      0.4056274
 16.00  -4680.1252403      0.4043869
 16.50  -4739.8937484      0.4062505
 17.00  -4756.0060032      0.4067503
 17.50  -4729.6019163      0.4078121
 18.00  -4811.5198014      0.4071509
 18.50  -4829.7545180      0.4055307
 19.00  -4854.1780043      0.4051030
 19.50  -4865.4851901      0.4058394
 20.00  -4894.0101247      0.4058473
 20.50  -4931.2934345      0.4098099
 21.00  -4967.1390432      0.4076540
 21.50  -4976.3291345      0.4066024
 22.00  -5033.3460428      0.4066432
 22.50  -5069.5759816      0.4065841
 23.00  -5097.6492013      0.4068096
 23.50  -5079.2717808      0.4100622
 24.00  -5133.4833553      0.4089024
 24.50  -5145.6781213      0.4089471
 25.00  -5194.0231144      0.4085164
 25.50  -5197.4638312      0.4068119
 26.00  -5238.9096970      0.4108387
 26.50  -5288.1057884      0.4115797
 27.00  -5289.9117390      0.4109415
 27.50  -5354.6546215      0.4103704
 28.00  -5372.8336956      0.4109091
 28.50  -5360.7518732      0.4124261
 29.00  -5417.1290747      0.4115771
 29.50  -5403.7151886      0.4140284
 30.00  -5431.9032042      0.4112600
 30.50  -5459.4911169      0.4116692
 31.00  -5543.2196778      0.4127197
 31.50  -5514.8632619      0.4130173
 32.00  -5564.2768041      0.4140921
 32.50  -5655.6986483      0.4139118
 33.00  -5629.5351568      0.4119278
 33.50  -5666.8808144      0.4141544
 34.00  -5704.6017949      0.4137738
 34.50  -5710.7786661      0.4143286
 35.00  -5741.2847153      0.4152874
 35.50  -5755.9454995      0.4156035
 36.00  -5815.1712062      0.4170673
 36.50  -5838.5327119      0.4174452
 37.00  -5903.6790349      0.4165900
 37.50  -5940.4877852      0.4166258
 38.00  -5927.0603225      0.4175572
 38.50  -5930.2376654      0.4166913
 39.00  -5962.0784226      0.4175210
 39.50  -5992.6961480      0.4202380
 40.00  -6048.8039398      0.4182664
 40.50  -6047.1879242      0.4185486
 41.00  -6089.4491617      0.4210796
 41.50  -6086.7116691      0.4198034
 42.00  -6165.7905463      0.4219531
 42.50  -6175.3513168      0.4205412
 43.00  -6248.2794358      0.4210472
 43.50  -6209.1443443      0.4209184
 44.00  -6239.0004023      0.4230349
 44.50  -6342.5846748      0.4225120
 45.00  -6336.8036166      0.4220371
 45.50  -6308.1516264      0.4219396
 46.00  -6386.2776967      0.4239007
 46.50  -6370.6256114      0.4212679
 47.00  -6437.9094665      0.4253237
 47.50  -6399.1536567      0.4245518
 48.00  -6487.2956168      0.4246924
 48.50  -6491.7660214      0.4253859
 49.00  -6540.0442164      0.4258249
 49.50  -6536.9840904      0.4279058
 50.00  -6574.5861112      0.4266914
 50.50  -6591.2199036      0.4256381
 51.00  -6663.5601641      0.4285269
 51.50  -6679.8367960      0.4276516
 52.00  -6727.9494043      0.4282731
 52.50  -6775.0809665      0.4272158
 53.00  -6731.8385728      0.4284309
 53.50  -6819.0401164      0.4312181
 54.00  -6763.0587083      0.4311768
 54.50  -6828.1466212      0.4308204
 55.00  -6901.6421390      0.4294813
 55.50  -6867.0957395      0.4301007
 56.00  -6891.5834649      0.4323553
 56.50  -6962.1558425      0.4327707
 57.00  -6994.8718847      0.4306830
 57.50  -7039.5495300      0.4338525
 58.00  -7040.2183374      0.4353162
 58.50  -7075.3423852      0.4352058
 59.00  -7141.7574551      0.4365060
 59.50  -7114.0344497      0.4360055
 60.00  -7163.7031817      0.4349275
 60.50  -7184.3410620      0.4353194
 61.00  -7226.5902021      0.4370504
 61.50  -7215.2457158      0.4395424
 62.00  -7220.9261463      0.4394552
 62.50  -7262.8180544      0.4401611
 63.00  -7348.9033253      0.4415614
 63.50  -7310.4572272      0.4406591
 64.00  -7380.9274324      0.4399932
 64.50  -7406.5963626      0.4416264
 65.00  -7447.1392058      0.4429574
 65.50  -7493.2577210      0.4411786
 66.00  -7464.6939562      0.4435103
 66.50  -7538.2877868      0.4440258
 67.00  -7550.9354340      0.4435726
 67.50  -7618.4571102      0.4461675
 68.00  -7641.9130195      0.4461040
 68.50  -7631.1891933      0.4470636
 69.00  -7632.4129321      0.4484704
 69.50  -7703.1231054      0.4473064
 70.00  -7732.1612974      0.4472125
 70.50  -7717.4364201      0.4491280
 71.00  -7719.5934908      0.4512273
 71.50  -7816.3568200      0.4497087
 72.00  -7852.6301568      0.4509617
 72.50  -7815.6200464      0.4490366
 73.00  -7829.5413532      0.4502729
 73.50  -7961.3139120      0.4504824
 74.00  -7989.3770742      0.4555274
 74.50  -7928.9995985      0.4536608
 75.00  -7966.5698851      0.4535523
 75.50  -8060.8415769      0.4567644
 76.00  -8032.6204251      0.4558390
 76.50  -8090.1299782      0.4547550
 77.00  -8132.9049172      0.4577836
 77.50  -8169.5046232      0.4579938
 78.00  -8090.9369521      0.4584023
 78.50  -8163.1945208      0.4593592
 79.00  -8233.2747391      0.4564711
 79.50  -8255.4807835      0.4619844
 80.00  -8251.6557593      0.4615415
 80.50  -8285.7026408      0.4619232
 81.00  -8310.8156093      0.4628208
 81.50  -8350.1986080      0.4633676
 82.00  -8389.0842948      0.4628830
 82.50  -8429.2217957      0.4631484
 83.00  -8434.3954182      0.4653615
 83.50  -8480.3488437      0.4657372
 84.00  -8452.3623020      0.4667400
 84.50  -8534.3997863      0.4663000
 85.00  -8570.8187763      0.4672690
 85.50  -8588.5715536      0.4690078
 86.00  -8602.5758119      0.4688685
 86.50  -8678.1875964      0.4707095
 87.00  -8698.6052074      0.4704613
 87.50  -8686.6526205      0.4698361
 88.00  -8730.9041447      0.4713130
 88.50  -8799.7456389      0.4743912
 89.00  -8805.6230165      0.4733873
 89.50  -8796.3843682      0.4752824
 90.00  -8853.5500227      0.4750341
 90.50  -8861.6208318      0.4725898
 91.00  -8875.3215070      0.4759950
 91.50  -8929.3818901      0.4791142
 92.00  -8965.4711490      0.4765159
 92.50  -9028.5141231      0.4786354
 93.00  -9038.2286577      0.4786685
 93.50  -9003.0450424      0.4793434
 94.00  -9048.7025273      0.4820156
 94.50  -9077.1695698      0.4813198
 95.00  -9171.8113963      0.4823105
 95.50  -9124.9832302      0.4835695
 96.00  -9209.7652439      0.4840411
 96.50  -9256.8435730      0.4847826
 97.00  -9182.7608901      0.4841199
 97.50  -9306.2117676      0.4837302
 98.00  -9293.5627993      0.4879764
 98.50  -9321.4853351      0.4900917
 99.00  -9347.7086284      0.4885336
 99.50  -9406.4478422      0.4891536
100.00  -9349.0561013      0.4897139
100.50  -9415.9599430      0.4903978
101.00  -9485.9873235      0.4925420
101.50  -9515.8221217      0.4912393
102.00  -9474.5680683      0.4941377
102.50  -9554.3263380      0.4948469
103.00  -9512.5090158      0.4954632
103.50  -9578.6287800      0.4969043
104.00  -9588.3351629      0.4966208
104.50  -9654.4814389      0.4955775
105.00  -9710.6424089      0.4962268
105.50  -9613.7768920      0.4995809
106.00  -9727.7979179      0.5002639
106.50  -9741.0227076      0.5017043
107.00  -9822.3211790      0.5005267
107.50  -9723.9730824      0.5027177
108.00  -9850.6784126      0.5040463
108.50  -9867.9194154      0.5042160
109.00  -9874.6328693      0.5051908
109.50  -9898.7325762      0.5072525
110.00  -9998.2306784      0.5069636
110.50 -10023.2677092      0.5078880
111.00 -10048.7318892      0.5066415
111.50 -10063.3840881      0.5070530
112.00 -10079.4533887      0.5091730
112.50 -10074.2442316      0.5121261
113.00 -10153.8807346      0.5106214
113.50 -10156.0000012      0.5149420
114.00 -10191.8540623      0.5146410
114.50 -10204.6572297      0.5133065
115.00 -10237.3264699      0.5135696
115.50 -10261.6859114      0.5165699
116.00 -10329.0718110      0.5151644
116.50 -10313.2872611      0.5179348
117.00 -10290.3407576      0.5186783
117.50 -10388.0397962      0.5189859
118.00 -10427.4063049      0.5210020
118.50 -10451.5317836      0.5191497
119.00 -10458.9857311      0.5226025
119.50 -10517.4565140      0.5246105
120.00 -10559.4198818      0.5226369
120.50 -10580.6849501      0.5238396
121.00 -10606.2748946      0.5274625
121.50 -10649.4871058      0.5257741
122.00 -10641.0021963      0.5264474
122.50 -10690.6757593      0.5282419
123.00 -10749.3798403      0.5253226
123.50 -10783.3331768      0.5292614
124.00 -10750.5209608      0.5311064
124.50 -10810.9947419      0.5293535
125.00 -10838.9729172      0.5308063
125.50 -10838.3561641      0.5338387
126.00 -10838.6339935      0.5328053
126.50 -10895.5455712      0.5343776
127.00 -10885.2148751      0.5336822
127.50 -10975.1571893      0.5373568
128.00 -10991.2387834      0.5388057
128.50 -10980.3071856      0.5370176
129.00 -11029.5642258      0.5415493
129.50 -11074.3735514      0.5432650
130.00 -11033.6228800      0.5421271
130.50 -11129.1451047      0.5436736
131.00 -11166.2256882      0.5447440
131.50 -11215.2250450      0.5465012
132.00 -11156.5624460      0.5452370
132.50 -11217.9416984      0.5467157
133.00 -11248.6469374      0.5462418
133.50 -11293.3336853      0.5478724
134.00 -11290.1254522      0.5519965
134.50 -11354.2780462      0.5530101
135.00 -11362.5545585      0.5511160
135.50 -11337.6897590      0.5528079
136.00 -11459.4415436      0.5546005
136.50 -11417.4514947      0.5523497
137.00 -11513.9553901      0.5575665
137.50 -11503.8496650      0.5543391
138.00 -11583.5100879      0.5571679
138.50 -11596.2412339      0.5600346
139.00 -11627.4507787      0.5568728
139.50 -11633.8595406      0.5591031
140.00 -11618.4263233      0.5601971
140.50 -11765.7014189      0.5636595
141.00 -11683.4605225      0.5639411
141.50 -11765.0496774      0.5631151
142.00 -11794.7963145      0.5646554
142.50 -11808.4204463      0.5658644
143.00 -11798.1004463      0.5673429
143.50 -11837.8344675      0.5722888
144.00 -11869.9663075      0.5675608
144.50 -11923.3642062      0.5710062
145.00 -11941.9798963      0.5710071
145.50 -11988.4916628      0.5742459
146.00 -12028.8440988      0.5730579
146.50 -12090.2585905      0.5748956
147.00 -12052.3074379      0.5716324
147.50 -12031.3688230      0.5745157
148.00 -12075.6181220      0.5722276
148.50 -12166.9779049      0.5769596
149.00 -12176.4516682      0.5787155
149.50 -12145.8258458      0.5831320
150.00 -12152.4264629      0.5806543
150.50 -12225.7117158      0.5836795
151.00 -12249.2473770      0.5844477
151.50 -12304.5227022      0.5835981
152.00 -12345.5159602      0.5853765
152.50 -12378.1473260      0.5853154
153.00 -12404.7509132      0.5890454
153.50 -12412.4110942      0.5894655
154.00 -12433.6335386      0.5896533
154.50 -12480.1959457      0.5910152
155.00 -12508.0561135      0.5899092
155.50 -12503.2282536      0.5918551
156.00 -12571.6828973      0.5918289
156.50 -12607.3735275      0.5930104
157.00 -12616.4558789      0.5953406
157.50 -12643.9822883      0.5960759
158.00 -12676.1252951      0.5990692
158.50 -12723.9300370      0.5971250
159.00 -12730.0668609      0.5982401
159.50 -12755.6435024      0.5970622
160.00 -12804.3506891      0.6010726
160.50 -12835.9582380      0.6035559
161.00 -12857.8383124      0.6031150
161.50 -12868.2768851      0.6047715
162.00 -12896.6869327      0.6065260
162.50 -12929.8830740      0.6068072
163.00 -13013.4108236      0.6084325
163.50 -13019.0594188      0.6069547
164.00 -12983.4756123      0.6095187
164.50 -13071.2170377      0.6117117
165.00 -13094.9574767      0.6127641
165.50 -13054.2980478      0.6136469
166.00 -13098.4568310      0.6137351
166.50 -13099.5577967      0.6144108
167.00 -13179.0454665      0.6149086
167.50 -13247.7494617      0.6163087
168.00 -13168.0584939      0.6163270
168.50 -13215.4801059      0.6212181
169.00 -13271.8390321      0.6194628
169.50 -13352.9375696      0.6226649
170.00 -13399.3854907      0.6211157
170.50 -13359.1293609      0.6249823
171.00 -13437.4272720      0.6270027
171.50 -13455.8321083      0.6260765
172.00 -13386.6440760      0.6257153
172.50 -13526.5365433      0.6266442
173.00 -13512.2933541      0.6275900
173.50 -13495.3205581      0.6287652
174.00 -13536.9908335      0.6283739
174.50 -13620.6160231      0.6304284
175.00 -13660.5242257      0.6311329
175.50 -13662.6748463      0.6312943
176.00 -13718.8337067      0.6329289
176.50 -13765.8278814      0.6365531
177.00 -13749.7507529      0.6398268
177.50 -13791.2756913      0.6383114
178.00 -13800.8377402      0.6423020
178.50 -13796.3142281      0.6374945
179.00 -13866.9054910      0.6408516
179.50 -13896.1347896      0.6423502
180.00 -13892.6200520      0.6464742
180.50 -13896.8094826      0.6453454
181.00 -13988.7703765      0.6467322
181.50 -14025.6641830      0.6471748
182.00 -14011.6772376      0.6466424
182.50 -13998.8354358      0.6451731
183.00 -14103.5001308      0.6509554
183.50 -14120.3170464      0.6509350
184.00 -14141.5576548      0.6494190
184.50 -14166.5868022      0.6539136
185.00 -14217.2961239      0.6522082
185.50 -14259.7353858      0.6517159
186.00 -14247.1286574      0.6564577
186.50 -14295.4028684      0.6571657
187.00 -14307.4986768      0.6580614
187.50 -14324.1792611      0.6612793
188.00 -14377.1911315      0.6624900
188.50 -14441.6734500      0.6623683
189.00 -14441.8551444      0.6607431
189.50 -14482.4331685      0.6626248
190.00 -14462.3355695      0.6611212
190.50 -14466.1195045      0.6661104
191.00 -14493.7054009      0.6648119
191.50 -14537.5604481      0.6692937
192.00 -14588.4516892      0.6657417
192.50 -14654.8878140      0.6698124
193.00 -14682.2364883      0.6712094
193.50 -14683.2107816      0.6740112
194.00 -14710.0345939      0.6754799
194.50 -14700.2320279      0.6709905
195.00 -14739.2254404      0.6783842
195.50 -14779.9386242      0.6767808
196.00 -14831.1984884      0.6769344
196.50 -14875.6901782      0.6800812
197.00 -14900.3515073      0.6801233
197.50 -14943.1706729      0.6815777
198.00 -14929.5963305      0.6847210
198.50 -14922.4696294      0.6814187
199.00 -14963.2056613      0.6847367
199.50 -15004.0929155      0.6851104
200.00 -15059.3775297      0.6918414
200.50 -15042.4783241      0.6884734
201.00 -15104.7210716      0.6869410
201.50 -15108.7319803      0.6913128
202.00 -15175.3073508      0.6868204
202.50 -15192.7984588      0.6910164
203.00 -15170.8436648      0.6951190
203.50 -15241.0481541      0.6989409
204.00 -15282.6537667      0.6939762
204.50 -15262.4002415      0.6981505
205.00 -15285.2142809      0.6951268
205.50 -15349.0078001      0.6981011
206.00 -15405.9922281      0.6999711
206.50 -15415.0589011      0.7011933
207.00 -15431.4698777      0.7036885
207.50 -15482.3734661      0.7017886
208.00 -15451.8926857      0.7033575
208.50 -15584.1864802      0.7073429
209.00 -15524.0589861      0.7073149
209.50 -15555.6431392      0.7075443
210.00 -15593.3208490      0.7119195
210.50 -15578.6504991      0.7139965
211.00 -15667.3875440      0.7131306
211.50 -15708.0180188      0.7151393
212.00 -15713.1790942      0.7133725
212.50 -15775.3910461      0.7143839
213.00 -15764.3624071      0.7203906
213.50 -15811.3010038      0.7205584
214.00 -15845.5094833      0.7174425
214.50 -15867.9841577      0.7155222
215.00 -15886.4631215      0.7179649
215.50 -15946.5684378      0.7195667
216.00 -15898.2140395      0.7267849
216.50 -15954.4437353      0.7263448
217.00 -16022.4121587      0.7266204
217.50 -16034.8112991      0.7265046
218.00 -16062.4250887      0.7283917
218.50 -16159.8177392      0.7256887
219.00 -16111.1488263      0.7271235
219.50 -16125.7876430      0.7292807
220.00 -16210.3615044      0.7326668
220.50 -16210.5960869      0.7367596
221.00 -16224.9518757      0.7335278
221.50 -16237.8875327      0.7361734
222.00 -16311.5158537      0.7388910
222.50 -16314.4812863      0.7354155
223.00 -16352.6127874      0.7385631
223.50 -16367.3452204      0.7476639
224.00 -16381.0903445      0.7453285
224.50 -16385.6702831      0.7458721
225.00 -16478.9763988      0.7443612
225.50 -16493.1732128      0.7466388
226.00 -16511.1623327      0.7509501
226.50 -16535.5392610      0.7463904
227.00 -16571.8088455      0.7545035
227.50 -16602.7559039      0.7548820
228.00 -16560.1829932      0.7516414
228.50 -16667.8346359      0.7546941
229.00 -16668.7990229      0.7544786
229.50 -16705.1574420      0.7540808
230.00 -16739.6398023      0.7572275
230.50 -16689.1262111      0.7555830
231.00 -16790.5525763      0.7611492
231.50 -16847.9620863      0.7583492
232.00 -16849.9264177      0.7600741
232.50 -16947.0560280      0.7627616
233.00 -16963.2059474      0.7661146
233.50 -16975.3714640      0.7668813
234.00 -16950.8745890      0.7674136
234.50 -17056.2605653      0.7671272
235.00 -17024.8143795      0.7706373
235.50 -17029.0616175      0.7684249
236.00 -17062.6114466      0.7720892
236.50 -17092.7986271      0.7698779
237.00 -17109.6728395      0.7725616
237.50 -17183.4716952      0.7746120
238.00 -17204.8513048      0.7718990
238.50 -17211.9988815      0.7813984
239.00 -17261.1064359      0.7797173
239.50 -17271.6485646      0.7820643
240.00 -17353.4135372      0.7787580
240.50 -17327.8692644      0.7791611
241.00 -17402.5634414      0.7794610
241.50 -17342.9761485      0.7812014
242.00 -17422.6095573      0.7862304
242.50 -17440.7747460      0.7874254
243.00 -17492.6590077      0.7907913
243.50 -17511.2565045      0.7870643
244.00 -17548.6861954      0.7911817
244.50 -17585.5968281      0.7907261
245.00 -17608.2223395      0.7927572
245.50 -17642.7021090      0.7914800
246.00 -17636.7960948      0.7916913
246.50 -17645.4401600      0.7930079
247.00 -17735.7497075      0.7994001
247.50 -17745.6408577      0.7990304
248.00 -17749.9231900      0.8011661
248.50 -17763.9696689      0.7995893
249.00 -17810.6758813      0.8027683
249.50 -17809.2978632      0.8048973
250.00 -17842.3201503      0.7981745
250.50 -17900.1088263      0.8046653
251.00 -17908.2037659      0.8070295
251.50 -17953.0826586      0.8086127
252.00 -17981.6535586      0.8097505
252.50 -18036.5973372      0.8125666
253.00 -18016.5076059      0.8155423
253.50 -18043.9228305      0.8128941
254.00 -18124.3008674      0.8101193
254.50 -18145.1329684      0.8160312
255.00 -18222.6847011      0.8122061
255.50 -18163.2849306      0.8213334
256.00 -18212.3820944      0.8210574
256.50 -18237.4735551      0.8193295
257.00 -18248.7386995      0.8224683
257.50 -18309.8446069      0.8266402
258.00 -18347.8267375      0.8266965
258.50 -18397.0167540      0.8295153
259.00 -18394.7627621      0.8245253
259.50 -18367.7563797      0.8267671
260.00 -18478.1869124      0.8285681
260.50 -18489.2124892      0.8309768
261.00 -18491.5060161      0.8253733
261.50 -18527.3205057      0.8302660
262.00 -18594.5070348      0.8322568
262.50 -18548.4818870      0.8385312
263.00 -18604.4023993      0.8363398
263.50 -18615.8152669      0.8390644
264.00 -18678.1447616      0.8381095
264.50 -18691.1465868      0.8393506
265.00 -18768.5260545      0.8372810
265.50 -18736.0693820      0.8370719
266.00 -18726.9699931      0.8434597
266.50 -18813.3123437      0.8454750
267.00 -18825.9325092      0.8425219
267.50 -18901.0081692      0.8433591
268.00 -18889.2629140      0.8481679
268.50 -18890.6820460      0.8503615
269.00 -18998.7515986      0.8505540
269.50 -18953.7398804      0.8513509
270.00 -19036.0239207      0.8492576
270.50 -19025.1019125      0.8488772
271.00 -19045.8731488      0.8545406
271.50 -19114.5040291      0.8570157
272.00 -19140.3127287      0.8614600
272.50 -19085.0518140      0.8599834
273.00 -19213.3247627      0.8605179
273.50 -19208.5715823      0.8602372
274.00 -19252.0427946      0.8606767
274.50 -19228.2085546      0.8633255
275.00 -19267.6921930      0.8607703
275.50 -19298.5692898      0.8633607
276.00 -19350.3696243      0.8659242
276.50 -19414.6643905      0.8658756
277.00 -19419.5420564      0.8702189
277.50 -19443.0813761      0.8738120
278.00 -19444.1841292      0.8684221
278.50 -19538.4533184      0.8696248
279.00 -19569.6006802      0.8745923
279.50 -19564.0049730      0.8743914
280.00 -19571.5878288      0.8770053
280.50 -19596.2849030      0.8790477
281.00 -19671.1254239      0.8802758
281.50 -19664.7507983      0.8832689
282.00 -19723.0716858      0.8769229
282.50 -19692.5167246      0.8856958
283.00 -19751.5088374      0.8879361
283.50 -19751.8919790      0.8850963
284.00 -19732.9296360      0.8848477
284.50 -19879.2261208      0.8919938
285.00 -19793.3759366      0.8928737
285.50 -19922.9511592      0.8904438
286.00 -19925.1387813      0.8933328
286.50 -19913.1510390      0.8961680
287.00 -19952.2003500      0.8909500
287.50 -19986.8588975      0.9002118
288.00 -20057.2008389      0.8929488
288.50 -20069.8318225      0.9021086
289.00 -20076.5353069      0.8970124
289.50 -20113.9803136      0.9042797
290.00 -20132.6116307      0.9026828
290.50 -20190.0463627      0.9047414
291.00 -20182.5465391      0.9014297
291.50 -20275.4759223      0.9050096
292.00 -20268.5184039      0.9080796
292.50 -20317.8086788      0.9088625
293.00 -20315.3554667      0.9134527
293.50 -20342.5154491      0.9091037
294.00 -20355.1170203      0.9082933
294.50 -20458.1064769      0.9143833
295.00 -20420.9328445      0.9134928
295.50 -20483.0350580      0.9147600
296.00 -20488.8475628      0.9126863
296.50 -20471.0241784      0.9192555
297.00 -20538.4078008      0.9190421
297.50 -20599.3294516      0.9189895
298.00 -20597.2271842      0.9240958
298.50 -20655.1312648      0.9258176
299.00 -20647.7042873      0.9273624
299.50 -20675.5035438      0.9180230
300.00 -20785.2153955      0.9312951
300.50 -20721.8107310      0.9288706
301.00 -20762.2212168      0.9259332
301.50 -20829.4410768      0.9295973
302.00 -20803.4270082      0.9346129
302.50 -20840.6917873      0.9295696
303.00 -20915.2117610      0.9295388
303.50 -20906.3152393      0.9332105
304.00 -20898.7120562      0.9333445
304.50 -20994.1778125      0.9372352
305.00 -21024.5321870      0.9364097
305.50 -20975.8598013      0.9377301
306.00 -21067.0982810      0.9430613
306.50 -21074.4800306      0.9434255
307.00 -21100.8664382      0.9377953
307.50 -21121.6283634      0.9471326
308.00 -21126.1056723      0.9476299
308.50 -21210.3320200      0.9482182
309.00 -21245.1461570      0.9431965
309.50 -21229.9079202      0.9513471
310.00 -21295.3590821      0.9476227
310.50 -21297.5326877      0.9554905
311.00 -21332.1376596      0.9511713
311.50 -21360.7198273      0.9497634
312.00 -21371.3502339      0.9509846
312.50 -21454.2954388      0.9563874
313.00 -21401.0781120      0.9522068
313.50 -21463.7841342      0.9614162
314.00 -21514.0457854      0.9604052
314.50 -21565.3177711      0.9614615
315.00 -21550.1356844      0.9648841
315.50 -21585.5317772      0.9587513
316.00 -21614.4343502      0.9729951
316.50 -21690.2034360      0.9709621
317.00 -21661.2602257      0.9662611
317.50 -21683.6179391      0.9715708
318.00 -21733.0576496      0.9728994
318.50 -21726.0934144      0.9718528
319.00 -21790.0844959      0.9737709
319.50 -21853.6633865      0.9787113
320.00 -21805.8466479      0.9773146
320.50 -21854.9767671      0.9752178
321.00 -21851.1746428      0.9782995
321.50 -21939.0139549      0.9801081
322.00 -22014.1328644      0.9855867
322.50 -22027.3532412      0.9847394
323.00 -21992.7715331      0.9794410
323.50 -22044.6025454      0.9850646
324.00 -22100.0097516      0.9824007
324.50 -22111.7833239      0.9858085
325.00 -22125.8326453      0.9904097
325.50 -22155.9313630      0.9960532
326.00 -22219.9128762      0.9944031
326.50 -22244.9654231      0.9956474
327.00 -22258.0786194      0.9958715
327.50 -22307.4906039      0.9958554
328.00 -22294.7972970      0.9976054
328.50 -22277.1867354      0.9974835
329.00 -22401.1026660      0.9991277
329.50 -22409.9443477      1.0011329
330.00 -22371.1709335      1.0036069
330.50 -22413.4878991      1.0035434
331.00 -22474.8155653      1.0066024
331.50 -22474.5304499      1.0096516
332.00 -22547.3213885      1.0129352
332.50 -22576.7886885      1.0089305
333.00 -22591.9936736      1.0079259
333.50 -22626.5115994      1.0111060
334.00 -22566.2860142      1.0159023
334.50 -22677.7675309      1.0194577
335.00 -22716.4379481      1.0089499
335.50 -22688.0682882      1.0143323
336.00 -22766.2412777      1.0147648
336.50 -22795.0539528      1.0182130
337.00 -22779.7916911      1.0240864
337.50 -22870.0625560      1.0237989
338.00 -22846.7472150      1.0240766
338.50 -22931.4469807      1.0250505
339.00 -22912.9574300      1.0274433
339.50 -22991.3231393      1.0281092
340.00 -22968.8217383      1.0272501
340.50 -22967.2446038      1.0266174
341.00 -23026.0280471      1.0336949
341.50 -23072.1585439      1.0336550
342.00 -23060.6161126      1.0279632
342.50 -23121.6325605      1.0324136
343.00 -23178.8847950      1.0297257
343.50 -23185.2000949      1.0371035
344.00 -23215.3449993      1.0410229
344.50 -23282.2586520      1.0355330
345.00 -23264.8238351      1.0361527
345.50 -23305.4059191      1.0473972
346.00 -23344.6281571      1.0367776
346.50 -23387.0450062      1.0416042
347.00 -23375.1573806      1.0470509
347.50 -23467.2975498      1.0459854
348.00 -23376.2180068      1.0412596
348.50 -23439.8969679      1.0468608
349.00 -23478.7590115      1.0494023
349.50 -23488.9664461      1.0565360
350.00 -23542.0552981      1.0507581
350.50 -23615.6180679      1.0555034
351.00 -23664.9885067      1.0568374
351.50 -23628.7960139      1.0558936
352.00 -23709.4592753      1.0594637
352.50 -23723.9432437      1.0595055
353.00 -23744.2154328      1.0656746
353.50 -23756.6453329      1.0667384
354.00 -23779.7372602      1.0605319
354.50 -23776.7122713      1.0704660
355.00 -23843.6008517      1.0656956
355.50 -23855.2998894      1.0707329
356.00 -23912.7263757      1.0669592
356.50 -23938.2604134      1.0736956
357.00 -23896.3686224      1.0722406
357.50 -24010.5258260      1.0697731
358.00 -23991.0519925      1.0741391
358.50 -24037.9471916      1.0713039
359.00 -24080.8030238      1.0814177
359.50 -24082.3584543      1.0757959
360.00 -24121.4433404      1.0743886
360.50 -24184.5792620      1.0804110
361.00 -24233.8897356      1.0880060
361.50 -24222.6827119      1.0800630
362.00 -24220.5535874      1.0863811
362.50 -24255.4531050      1.0882263
363.00 -24234.1720579      1.0854667
363.50 -24315.5863645      1.0918239
364.00 -24355.0429474      1.0892023
364.50 -24397.7077237      1.0886318
365.00 -24389.2070466      1.0922027
365.50 -24453.0009132      1.0904106
366.00 -24480.1735157      1.0973898
366.50 -24500.0494440      1.0980228
367.00 -24541.6256098      1.0916126
367.50 -24573.1132540      1.0979795
368.00 -24542.1674602      1.0999223
368.50 -24595.2429961      1.1021128
369.00 -24621.5989851      1.1035152
369.50 -24624.0309183      1.1051401
370.00 -24720.2123320      1.1030659
370.50 -24711.4186813      1.1027867
371.00 -24795.8249077      1.1070800
371.50 -24790.2682868      1.1012653
372.00 -24850.5716022      1.1125213
372.50 -24888.0350023      1.1123898
373.00 -24856.4301412      1.1115043
373.50 -24878.5222870      1.1159206
374.00 -24935.8984466      1.1199013
374.50 -24923.5932658      1.1163443
375.00 -24983.0092359      1.1071050
375.50 -25043.8870935      1.1189222
376.00 -25049.6894245      1.1226466
376.50 -25052.6022704      1.1231605
377.00 -25100.8467287      1.1286622
377.50 -25145.6925469      1.1208232
378.00 -25178.4671280      1.1232165
378.50 -25164.3000394      1.1235879
379.00 -25218.0325575      1.1298633
379.50 -25248.8685410      1.1291834
380.00 -25280.6606404      1.1243131
380.50 -25253.6442962      1.1379754
381.00 -25322.5514391      1.1343546
381.50 -25324.4605890      1.1313632
382.00 -25390.4777163      1.1353318
382.50 -25429.0446558      1.1399053
383.00 -25402.9894283      1.1327292
383.50 -25446.9332881      1.1372203
384.00 -25508.6934807      1.1358442
384.50 -25469.8869415      1.1410726
385.00 -25550.2795551      1.1494916
385.50 -25605.9211259      1.1469099
386.00 -25619.2301119      1.1471588
386.50 -25644.1961174      1.1488270
387.00 -25677.1453417      1.1455216
387.50 -25712.9361053      1.1487751
388.00 -25735.3530149      1.1543988
388.50 -25755.3807215      1.1567079
389.00 -25789.8593867      1.1562860
389.50 -25839.0089249      1.1546885
390.00 -25872.5617243      1.1551071
390.50 -25884.7636245      1.1688114
391.00 -25870.4568584      1.1604380
391.50 -25895.0206086      1.1643150
392.00 -25923.3394885      1.1639061
392.50 -25965.8603795      1.1589848
393.00 -26027.5561795      1.1575999
393.50 -26025.0369550      1.1674493
394.00 -26083.2515138      1.1647169
394.50 -26101.6469235      1.1644048
395.00 -26084.0312562      1.1724792
395.50 -26130.7733542      1.1724277
396.00 -26168.4568615      1.1770943
396.50 -26170.3034058      1.1732160
397.00 -26209.9100916      1.1721420
397.50 -26274.3978692      1.1791316
398.00 -26230.4833203      1.1763020
398.50 -26280.8009995      1.1769919
399.00 -26356.2915068      1.1853258
399.50 -26361.9121854      1.1871584
400.00 -26418.3705813      1.1804504
400.50 -26421.7198775      1.1801684
401.00 -26490.2714054      1.1863461
401.50 -26513.7598745      1.1911516
402.00 -26518.0286305      1.1945853
402.50 -26568.1617999      1.1916273
403.00 -26574.7681834      1.1943257
403.50 -26558.7055907      1.1929720
404.00 -26659.7219704      1.1874899
404.50 -26645.6483713      1.1962406
405.00 -26679.8577066      1.1904458
405.50 -26741.7684497      1.1960285
406.00 -26675.0849490      1.1985017
406.50 -26753.0260401      1.2054737
407.00 -26790.0438447      1.2024993
407.50 -26824.5650894      1.1962926
408.00 -26818.8424159      1.2009828
408.50 -26846.9393348      1.2129180
409.00 -26927.6194108      1.2012325
409.50 -26973.9855939      1.2135662
410.00 -26984.6947191      1.2176074
410.50 -27013.7907000      1.2155016
411.00 -27030.0190008      1.2115357
411.50 -27053.5832471      1.2134017
412.00 -27092.9535883      1.2187985
412.50 -27148.8803415      1.2139574
413.00 -27149.3946933      1.2132953
413.50 -27154.0260604      1.2213516
414.00 -27210.9802168      1.2130283
414.50 -27227.0169567      1.2196083
415.00 -27276.1838601      1.2225046
415.50 -27254.1083132      1.2234685
416.00 -27343.3959578      1.2224325
416.50 -27353.1368702      1.2267832
417.00 -27347.7356307      1.2306495
417.50 -27394.4354264      1.2272011
418.00 -27442.4892656      1.2309133
418.50 -27497.8602654      1.2369323
419.00 -27492.6631933      1.2309532
419.50 -27471.6106028      1.2317924
420.00 -27528.7958711      1.2304544
420.50 -27633.9709255      1.2288720
421.00 -27541.7625317      1.2322724
421.50 -27611.5535257      1.2395725
422.00 -27657.9995101      1.2459379
422.50 -27695.6234611      1.2493070
423.00 -27691.8671940      1.2528989
423.50 -27778.2367611      1.2435243
424.00 -27765.7008999      1.2455518
424.50 -27816.5815838      1.2449800
425.00 -27850.5032996      1.2502708
425.50 -27868.2549017      1.2508051
426.00 -27835.1723783      1.2514515
426.50 -27939.9164238      1.2479428
427.00 -27911.8165783      1.2641510
427.50 -28005.1486954      1.2568112
428.00 -28021.9468430      1.2583864
428.50 -28001.6908701      1.2538624
429.00 -28112.3044199      1.2614668
429.50 -28088.7600768      1.2571874
430.00 -28156.7262811      1.2621591
430.50 -28197.4398062      1.2644146
431.00 -28175.9647842      1.2654311
431.50 -28200.8767987      1.2592040
432.00 -28135.1301031      1.2614032
432.50 -28294.9690381      1.2675427
433.00 -28244.9755236      1.2760212
433.50 -28357.9964469      1.2704119
434.00 -28339.5825374      1.2637313
434.50 -28356.6949112      1.2798936
435.00 -28408.4086154      1.2710288
435.50 -28455.4478826      1.2718883
436.00 -28511.6744262      1.2754770
436.50 -28491.8805709      1.2804450
437.00 -28499.5752579      1.2788073
437.50 -28532.0553129      1.2821289
438.00 -28548.5661515      1.2859338
438.50 -28614.9911181      1.2789240
439.00 -28617.7833456      1.2864832
439.50 -28694.4471228      1.2841914
440.00 -28614.2564778      1.2932362
440.50 -28717.7964847      1.2811474
441.00 -28772.7344332      1.2909666
441.50 -28774.5486409      1.2933496
442.00 -28813.9032750      1.2909214
442.50 -28832.1395302      1.2956650
443.00 -28843.8122765      1.3018037
443.50 -28902.1571251      1.2852421
444.00 -28836.5211122      1.3019941
444.50 -28930.0975209      1.2952460
445.00 -28986.2894690      1.3026918
445.50 -28993.8084610      1.3023149
446.00 -29014.6946472      1.3014517
446.50 -29043.5857915      1.3120578
447.00 -29109.5932399      1.3075888
447.50 -29095.9619988      1.3014619
448.00 -29142.0416909      1.3058869
448.50 -29175.1540360      1.3051117
449.00 -29221.2808605      1.3096348
449.50 -29212.1648355      1.2996346
450.00 -29268.4151766      1.3212531
450.50 -29283.6202412      1.3059337
451.00 -29321.5924752      1.3202736
451.50 -29352.1934553      1.3173665
452.00 -29383.0453118      1.3240745
452.50 -29404.0848356      1.3067991
453.00 -29390.7380661      1.3223523
453.50 -29467.6611615      1.3184700
454.00 -29518.0427636      1.3193981
454.50 -29590.0360852      1.3256478
455.00 -29561.1221052      1.3306971
455.50 -29613.4309110      1.3366697
456.00 -29598.0535925      1.3326139
456.50 -29606.3718215      1.3297451
457.00 -29633.5705542      1.3364935
457.50 -29687.4994672      1.3365576
458.00 -29705.3697015      1.3378848
458.50 -29762.7606360      1.3417005
459.00 -29760.8233872      1.3323599
459.50 -29768.5330860      1.3401394
460.00 -29861.9669950      1.3428002
460.50 -29859.1162356      1.3310620
461.00 -29897.9449624      1.3455069
461.50 -29910.6182826      1.3502597
462.00 -29888.7454386      1.3581034
462.50 -29978.9006303      1.3447846
463.00 -29967.9046414      1.3579216
463.50 -30045.7603188      1.3515991
464.00 -30077.4354779      1.3401424
464.50 -30079.3568115      1.3566405
465.00 -30144.2978049      1.3587249
465.50 -30092.0937547      1.3532098
466.00 -30118.1922156      1.3610410
466.50 -30203.4562671      1.3566919
467.00 -30266.5532965      1.3537376
467.50 -30220.0450908      1.3567475
468.00 -30301.2007771      1.3586794
468.50 -30295.2892470      1.3592238
469.00 -30340.3846738      1.3604153
469.50 -30367.7823764      1.3788932
470.00 -30429.4419667      1.3676934
470.50 -30399.1623699      1.3675777
471.00 -30450.4985538      1.3685652
471.50 -30502.3449116      1.3735219
472.00 -30530.1278447      1.3728031
472.50 -30562.2459552      1.3869799
473.00 -30567.7404697      1.3747386
473.50 -30593.4359868      1.3766403
474.00 -30657.9344579      1.3835906
474.50 -30679.9536961      1.3793261
475.00 -30738.6019747      1.3794711
475.50 -30736.2713650      1.3823666
476.00 -30736.6587415      1.3778624
476.50 -30771.7232508      1.3759803
477.00 -30809.4189715      1.3905872
477.50 -30830.6944412      1.3836171
478.00 -30874.6242215      1.3975390
478.50 -30918.5900599      1.3888122
479.00 -30887.1880529      1.3963544
479.50 -30902.0356322      1.4016258
480.00 -31010.2961004      1.3902809
480.50 -31009.7826492      1.3905959
481.00 -31026.4771647      1.3945181
481.50 -31057.8974377      1.3952000
482.00 -31132.1150371      1.3988174
482.50 -31083.6731066      1.4010951
483.00 -31183.3436437      1.3912384
483.50 -31182.3537695      1.4028392
484.00 -31248.6367881      1.3990002
484.50 -31207.0016853      1.4022660
485.00 -31258.1749653      1.4118586
485.50 -31282.9779100      1.4039669
486.00 -31274.0315935      1.4032096
486.50 -31393.4288051      1.4073594
487.00 -31417.1994489      1.4119060
487.50 -31434.1708325      1.4124311
488.00 -31431.9288680      1.4105036
488.50 -31456.9241133      1.4147430
489.00 -31523.0935840      1.4226429
489.50 -31582.5799233      1.4133256
490.00 -31556.9603422      1.4246490
490.50 -31565.9577836      1.4293673
491.00 -31554.8452887      1.4238944
491.50 -31625.9196380      1.4229304
492.00 -31666.8998743      1.4267237
492.50 -31674.2278211      1.4313241
493.00 -31719.0792192      1.4282891
493.50 -31766.6609728      1.4243343
494.00 -31808.1480956      1.4286613
494.50 -31801.0849563      1.4302585
495.00 -31860.6867001      1.4434345
495.50 -31868.2636495      1.4414982
496.00 -31914.6231680      1.4417457
496.50 -31879.1057568      1.4420940
497.00 -31967.6992272      1.4374121
497.50 -32018.4317558      1.4356683
498.00 -31999.9758033      1.4427775
498.50 -32044.5772862      1.4464496
499.00 -32062.7245211      1.4402848
499.50 -32044.8367885      1.4443589
500.00 -32107.6211495      1.4438602
500.50 -32092.8781343      1.4465206
501.00 -32163.6432056      1.4472857
501.50 -32242.2651503      1.4531532
502.00 -32262.7104908      1.4563630
502.50 -32264.8423507      1.4445312
503.00 -32290.8373476      1.4532913
503.50 -32289.2153593      1.4532312
504.00 -32365.2285467      1.4597820
504.50 -32399.5870912      1.4564567
505.00 -32423.1745866      1.4556908
505.50 -32468.8655934      1.4630665
506.00 -32518.2442703      1.4590681
506.50 -32470.7168076      1.4598456
507.00 -32571.0841293      1.4702980
507.50 -32551.9585136      1.4710242
508.00 -32577.7777708      1.4618570
508.50 -32575.2524532      1.4688718
509.00 -32559.2942601      1.4751707
509.50 -32684.8999989      1.4684619
510.00 -32686.2612220      1.4695583
510.50 -32711.9977287      1.4722891
511.00 -32753.1976988      1.4715106
511.50 -32756.6542478      1.4774792
512.00 -32786.1577992      1.4815650
512.50 -32913.0451631      1.4793421
513.00 -32804.9139862      1.4778336
513.50 -32973.3099219      1.4807189
514.00 -32921.0667192      1.4826290
514.50 -32981.5567845      1.4877235
515.00 -33006.6650393      1.4877381
515.50 -33031.1824582      1.4810240
516.00 -33072.9564353      1.4982192
516.50 -33062.4772490      1.4918786
517.00 -33101.7722758      1.4898278
517.50 -33052.8336104      1.4918826
518.00 -33228.6761667      1.4942459
518.50 -33191.5540346      1.5126198
519.00 -33178.3885228      1.4950505
519.50 -33232.7154323      1.5144054
520.00 -33237.5168301      1.4919226
520.50 -33264.9830899      1.5048114
521.00 -33338.7672446      1.5049940
521.50 -33375.7538354      1.5209176
522.00 -33380.8793527      1.4979141
522.50 -33432.9213972      1.5066449
523.00 -33427.7486682      1.5165556
523.50 -33484.1088771      1.5148475
524.00 -33534.8079222      1.5110327
524.50 -33576.6676605      1.5107485
