 20.0        0.56346        0.00003        0.59380        0.00005        0.59351        0.00005
 20.5        0.56348        0.00003        0.59365        0.00005        0.59353        0.00005
 21.0        0.56353        0.00003        0.59371        0.00005        0.59342        0.00005
 21.5        0.56357        0.00003        0.59361        0.00005        0.59358        0.00005
 22.0        0.56347        0.00003        0.59374        0.00005        0.59380        0.00005
 22.5        0.56325        0.00003        0.59388        0.00005        0.59375        0.00005
 23.0        0.56348        0.00003        0.59365        0.00005        0.59376        0.00005
 23.5        0.56335        0.00003        0.59386        0.00005        0.59381        0.00005
 24.0        0.56351        0.00003        0.59370        0.00005        0.59358        0.00005
 24.5        0.56338        0.00003        0.59401        0.00005        0.59373        0.00005
 25.0        0.56362        0.00003        0.59350        0.00005        0.59374        0.00005
 25.5        0.56362        0.00003        0.59365        0.00005        0.59361        0.00005
 26.0        0.56353        0.00003        0.59381        0.00005        0.59391        0.00005
 26.5        0.56361        0.00003        0.59362        0.00005        0.59365        0.00005
 27.0        0.56360        0.00003        0.59383        0.00005        0.59365        0.00005
 27.5        0.56343        0.00003        0.59400        0.00005        0.59388        0.00005
 28.0        0.56352        0.00003        0.59369        0.00005        0.59381        0.00005
 28.5        0.56362        0.00003        0.59364        0.00005        0.59364        0.00005
 29.0        0.56342        0.00003        0.59387        0.00005        0.59395        0.00005
 29.5        0.56351        0.00003        0.59402        0.00005        0.59373        0.00005
 30.0        0.56364        0.00003        0.59392        0.00005        0.59364        0.00005
 30.5        0.56354        0.00003        0.59395        0.00005        0.59383        0.00005
 31.0        0.56353        0.00003        0.59391        0.00005        0.59385        0.00005
 31.5        0.56362        0.00003        0.59368        0.00005        0.59380        0.00005
 32.0        0.56355        0.00003        0.59398        0.00005        0.59384        0.00005
 32.5        0.56370        0.00003        0.59371        0.00005        0.59366        0.00005
 33.0        0.56362        0.00003        0.59394        0.00005        0.59378        0.00005
 33.5        0.56346        0.00003        0.59399        0.00005        0.59395        0.00005
 34.0        0.56374        0.00003        0.59367        0.00005        0.59393        0.00005
 34.5        0.56367        0.00003        0.59384        0.00005        0.59371        0.00005
 35.0        0.56353        0.00003        0.59397        0.00005        0.59401        0.00005
 35.5        0.56358        0.00003        0.59399        0.00005        0.59390        0.00005
 36.0        0.56363        0.00003        0.59408        0.00005        0.59394        0.00005
 36.5        0.56371        0.00003        0.59389        0.00005        0.59376        0.00005
 37.0        0.56355        0.00003        0.59392        0.00005        0.59388        0.00005
 37.5        0.56369        0.00003        0.59390        0.00005        0.59379        0.00005
 38.0        0.56362        0.00003        0.59402        0.00005        0.59401        0.00005
 38.5        0.56362        0.00003        0.59384        0.00005        0.59406        0.00005
 39.0        0.56365        0.00003        0.59399        0.00005        0.59398        0.00005
 39.5        0.56369        0.00003        0.59400        0.00005        0.59391        0.00005
 40.0        0.56370        0.00003        0.59392        0.00005        0.59399        0.00005
 40.5        0.56368        0.00003        0.59373        0.00005        0.59425        0.00005
 41.0        0.56361        0.00003        0.59409        0.00005        0.59421        0.00005
 41.5        0.56365        0.00003        0.59391        0.00005        0.59398        0.00005
 42.0        0.56370        0.00003        0.59405        0.00005        0.59392        0.00005
 42.5        0.56371        0.00003        0.59376        0.00005        0.59439        0.00005
 43.0        0.56371        0.00003        0.59395        0.00005        0.59405        0.00005
 43.5        0.56365        0.00003        0.59400        0.00005        0.59397        0.00005
 44.0        0.56368        0.00003        0.59404        0.00005        0.59411        0.00005
 44.5        0.56359        0.00003        0.59409        0.00005        0.59420        0.00005
 45.0        0.56381        0.00003        0.59404        0.00005        0.59403        0.00005
 45.5        0.56364        0.00003        0.59425        0.00005        0.59407        0.00005
 46.0        0.56374        0.00003        0.59413        0.00005        0.59398        0.00005
 46.5        0.56373        0.00003        0.59402        0.00005        0.59409        0.00005
 47.0        0.56364        0.00003        0.59433        0.00005        0.59406        0.00005
 47.5        0.56374        0.00003        0.59401        0.00005        0.59390        0.00005
 48.0        0.56374        0.00003        0.59421        0.00005        0.59407        0.00005
 48.5        0.56379        0.00003        0.59394        0.00005        0.59407        0.00005
 49.0        0.56359        0.00003        0.59420        0.00005        0.59429        0.00005
 49.5        0.56373        0.00003        0.59434        0.00005        0.59398        0.00005
 50.0        0.56381        0.00003        0.59402        0.00005        0.59414        0.00005
 50.5        0.56370        0.00003        0.59428        0.00005        0.59422        0.00005
 51.0        0.56381        0.00003        0.59417        0.00005        0.59405        0.00005
 51.5        0.56381        0.00003        0.59399        0.00005        0.59422        0.00005
 52.0        0.56385        0.00003        0.59410        0.00005        0.59410        0.00005
 52.5        0.56374        0.00003        0.59426        0.00005        0.59415        0.00005
 53.0        0.56381        0.00003        0.59396        0.00005        0.59442        0.00005
 53.5        0.56383        0.00003        0.59406        0.00005        0.59412        0.00005
 54.0        0.56381        0.00003        0.59422        0.00005        0.59419        0.00005
 54.5        0.56384        0.00003        0.59412        0.00005        0.59417        0.00005
 55.0        0.56379        0.00003        0.59405        0.00005        0.59438        0.00005
 55.5        0.56371        0.00003        0.59427        0.00005        0.59427        0.00005
 56.0        0.56376        0.00003        0.59430        0.00005        0.59437        0.00005
 56.5        0.56375        0.00003        0.59431        0.00005        0.59422        0.00005
 57.0        0.56381        0.00003        0.59439        0.00005        0.59416        0.00005
 57.5        0.56386        0.00003        0.59423        0.00005        0.59424        0.00005
 58.0        0.56382        0.00003        0.59420        0.00005        0.59448        0.00005
 58.5        0.56378        0.00003        0.59427        0.00005        0.59436        0.00005
 59.0        0.56393        0.00003        0.59398        0.00005        0.59435        0.00005
 59.5        0.56397        0.00003        0.59439        0.00005        0.59404        0.00005
 60.0        0.56394        0.00003        0.59407        0.00005        0.59433        0.00005
 60.5        0.56388        0.00003        0.59424        0.00005        0.59429        0.00005
 61.0        0.56381        0.00003        0.59454        0.00005        0.59429        0.00005
 61.5        0.56393        0.00003        0.59422        0.00005        0.59429        0.00005
 62.0        0.56377        0.00003        0.59445        0.00005        0.59441        0.00005
 62.5        0.56390        0.00003        0.59429        0.00005        0.59437        0.00005
 63.0        0.56384        0.00003        0.59458        0.00005        0.59434        0.00005
 63.5        0.56397        0.00003        0.59422        0.00005        0.59428        0.00005
 64.0        0.56394        0.00003        0.59436        0.00005        0.59422        0.00005
 64.5        0.56391        0.00003        0.59442        0.00005        0.59424        0.00005
 65.0        0.56390        0.00003        0.59444        0.00005        0.59433        0.00005
 65.5        0.56387        0.00003        0.59425        0.00005        0.59444        0.00005
 66.0        0.56393        0.00003        0.59426        0.00005        0.59441        0.00005
 66.5        0.56376        0.00003        0.59442        0.00005        0.59469        0.00005
 67.0        0.56390        0.00003        0.59435        0.00005        0.59440        0.00005
 67.5        0.56396        0.00003        0.59430        0.00005        0.59448        0.00005
 68.0        0.56395        0.00003        0.59436        0.00005        0.59428        0.00005
 68.5        0.56392        0.00003        0.59456        0.00005        0.59440        0.00005
 69.0        0.56398        0.00003        0.59445        0.00005        0.59448        0.00005
 69.5        0.56391        0.00003        0.59449        0.00005        0.59456        0.00005
 70.0        0.56410        0.00003        0.59424        0.00005        0.59433        0.00005
 70.5        0.56391        0.00003        0.59441        0.00005        0.59441        0.00005
 71.0        0.56395        0.00003        0.59464        0.00005        0.59454        0.00005
 71.5        0.56399        0.00003        0.59440        0.00005        0.59456        0.00005
 72.0        0.56402        0.00003        0.59447        0.00005        0.59441        0.00005
 72.5        0.56398        0.00003        0.59439        0.00005        0.59458        0.00005
 73.0        0.56402        0.00003        0.59445        0.00005        0.59453        0.00005
 73.5        0.56391        0.00003        0.59480        0.00005        0.59449        0.00005
 74.0        0.56414        0.00003        0.59462        0.00005        0.59428        0.00005
 74.5        0.56407        0.00003        0.59439        0.00005        0.59448        0.00005
 75.0        0.56390        0.00003        0.59464        0.00005        0.59472        0.00005
 75.5        0.56409        0.00003        0.59454        0.00005        0.59451        0.00005
 76.0        0.56403        0.00003        0.59450        0.00005        0.59456        0.00005
 76.5        0.56410        0.00003        0.59436        0.00005        0.59449        0.00005
 77.0        0.56405        0.00003        0.59451        0.00005        0.59442        0.00005
 77.5        0.56405        0.00003        0.59449        0.00005        0.59470        0.00005
 78.0        0.56396        0.00003        0.59461        0.00005        0.59459        0.00005
 78.5        0.56396        0.00003        0.59467        0.00005        0.59468        0.00005
 79.0        0.56401        0.00003        0.59455        0.00005        0.59470        0.00005
 79.5        0.56406        0.00003        0.59458        0.00005        0.59450        0.00005
 80.0        0.56410        0.00003        0.59466        0.00005        0.59456        0.00005
 80.5        0.56400        0.00003        0.59477        0.00005        0.59473        0.00005
 81.0        0.56402        0.00003        0.59447        0.00005        0.59467        0.00005
 81.5        0.56411        0.00003        0.59448        0.00005        0.59469        0.00005
 82.0        0.56420        0.00003        0.59458        0.00005        0.59463        0.00005
 82.5        0.56405        0.00003        0.59469        0.00005        0.59462        0.00005
 83.0        0.56418        0.00003        0.59461        0.00005        0.59457        0.00005
 83.5        0.56417        0.00003        0.59465        0.00005        0.59471        0.00005
 84.0        0.56417        0.00003        0.59460        0.00005        0.59460        0.00005
 84.5        0.56413        0.00003        0.59463        0.00005        0.59473        0.00005
 85.0        0.56413        0.00003        0.59476        0.00005        0.59460        0.00005
 85.5        0.56412        0.00003        0.59470        0.00005        0.59473        0.00005
 86.0        0.56396        0.00003        0.59492        0.00005        0.59473        0.00005
 86.5        0.56409        0.00003        0.59475        0.00005        0.59483        0.00005
 87.0        0.56423        0.00003        0.59473        0.00005        0.59458        0.00005
 87.5        0.56413        0.00003        0.59475        0.00005        0.59470        0.00005
 88.0        0.56429        0.00003        0.59448        0.00005        0.59468        0.00005
 88.5        0.56420        0.00003        0.59484        0.00005        0.59450        0.00005
 89.0        0.56422        0.00003        0.59476        0.00005        0.59455        0.00005
 89.5        0.56412        0.00003        0.59484        0.00005        0.59485        0.00005
 90.0        0.56415        0.00003        0.59474        0.00005        0.59481        0.00005
 90.5        0.56422        0.00003        0.59491        0.00005        0.59465        0.00005
 91.0        0.56425        0.00003        0.59475        0.00005        0.59467        0.00005
 91.5        0.56425        0.00003        0.59476        0.00005        0.59477        0.00005
 92.0        0.56421        0.00003        0.59471        0.00005        0.59495        0.00005
 92.5        0.56412        0.00003        0.59493        0.00005        0.59484        0.00005
 93.0        0.56404        0.00003        0.59509        0.00005        0.59492        0.00005
 93.5        0.56423        0.00003        0.59476        0.00005        0.59479        0.00005
 94.0        0.56438        0.00003        0.59486        0.00005        0.59485        0.00005
 94.5        0.56431        0.00003        0.59478        0.00005        0.59462        0.00005
 95.0        0.56412        0.00003        0.59486        0.00005        0.59484        0.00005
 95.5        0.56428        0.00003        0.59483        0.00005        0.59486        0.00005
 96.0        0.56426        0.00003        0.59468        0.00005        0.59495        0.00005
 96.5        0.56435        0.00003        0.59472        0.00005        0.59465        0.00005
 97.0        0.56430        0.00003        0.59468        0.00005        0.59483        0.00005
 97.5        0.56427        0.00003        0.59492        0.00005        0.59487        0.00005
 98.0        0.56427        0.00003        0.59492        0.00005        0.59478        0.00005
 98.5        0.56416        0.00003        0.59481        0.00005        0.59502        0.00005
 99.0        0.56437        0.00003        0.59481        0.00005        0.59486        0.00005
 99.5        0.56424        0.00003        0.59502        0.00005        0.59492        0.00005
100.0        0.56433        0.00003        0.59481        0.00005        0.59492        0.00005
100.5        0.56423        0.00003        0.59494        0.00005        0.59480        0.00005
101.0        0.56427        0.00003        0.59484        0.00005        0.59512        0.00005
101.5        0.56436        0.00003        0.59487        0.00005        0.59480        0.00005
102.0        0.56431        0.00003        0.59512        0.00005        0.59473        0.00005
102.5        0.56420        0.00003        0.59497        0.00005        0.59494        0.00005
103.0        0.56431        0.00003        0.59491        0.00005        0.59503        0.00005
103.5        0.56436        0.00003        0.59519        0.00005        0.59482        0.00005
104.0        0.56432        0.00003        0.59496        0.00005        0.59501        0.00005
104.5        0.56427        0.00003        0.59506        0.00005        0.59486        0.00005
105.0        0.56440        0.00003        0.59493        0.00005        0.59490        0.00005
105.5        0.56442        0.00003        0.59487        0.00005        0.59503        0.00005
106.0        0.56430        0.00003        0.59510        0.00005        0.59512        0.00005
106.5        0.56440        0.00003        0.59500        0.00005        0.59481        0.00005
107.0        0.56445        0.00003        0.59504        0.00005        0.59489        0.00005
107.5        0.56435        0.00003        0.59509        0.00005        0.59499        0.00005
108.0        0.56440        0.00003        0.59497        0.00005        0.59488        0.00005
108.5        0.56454        0.00003        0.59492        0.00005        0.59494        0.00005
109.0        0.56463        0.00003        0.59476        0.00005        0.59477        0.00005
109.5        0.56450        0.00003        0.59489        0.00005        0.59490        0.00005
110.0        0.56449        0.00003        0.59485        0.00005        0.59506        0.00005
110.5        0.56449        0.00003        0.59507        0.00005        0.59499        0.00005
111.0        0.56433        0.00003        0.59532        0.00005        0.59512        0.00005
111.5        0.56446        0.00003        0.59499        0.00005        0.59502        0.00005
112.0        0.56446        0.00003        0.59500        0.00005        0.59517        0.00005
112.5        0.56442        0.00003        0.59523        0.00005        0.59516        0.00005
113.0        0.56444        0.00003        0.59504        0.00005        0.59523        0.00005
113.5        0.56444        0.00003        0.59516        0.00005        0.59526        0.00005
114.0        0.56454        0.00003        0.59513        0.00005        0.59497        0.00005
114.5        0.56452        0.00003        0.59520        0.00005        0.59498        0.00005
115.0        0.56436        0.00003        0.59517        0.00005        0.59521        0.00005
115.5        0.56442        0.00003        0.59518        0.00005        0.59497        0.00005
116.0        0.56448        0.00003        0.59508        0.00005        0.59510        0.00005
116.5        0.56442        0.00003        0.59505        0.00005        0.59536        0.00005
117.0        0.56444        0.00003        0.59531        0.00005        0.59528        0.00005
117.5        0.56441        0.00003        0.59515        0.00005        0.59528        0.00005
118.0        0.56458        0.00003        0.59515        0.00005        0.59523        0.00005
118.5        0.56444        0.00003        0.59532        0.00005        0.59516        0.00005
119.0        0.56445        0.00003        0.59524        0.00005        0.59513        0.00005
119.5        0.56453        0.00003        0.59511        0.00005        0.59522        0.00005
120.0        0.56440        0.00003        0.59525        0.00005        0.59534        0.00005
120.5        0.56440        0.00003        0.59538        0.00005        0.59534        0.00005
121.0        0.56450        0.00003        0.59521        0.00005        0.59537        0.00005
121.5        0.56455        0.00003        0.59527        0.00005        0.59523        0.00005
122.0        0.56446        0.00003        0.59530        0.00005        0.59523        0.00005
122.5        0.56464        0.00003        0.59502        0.00005        0.59507        0.00005
123.0        0.56451        0.00003        0.59534        0.00005        0.59510        0.00005
123.5        0.56454        0.00003        0.59537        0.00005        0.59535        0.00005
124.0        0.56451        0.00003        0.59532        0.00005        0.59515        0.00005
124.5        0.56449        0.00003        0.59522        0.00005        0.59533        0.00005
125.0        0.56471        0.00003        0.59524        0.00005        0.59519        0.00005
125.5        0.56454        0.00003        0.59535        0.00005        0.59524        0.00005
126.0        0.56453        0.00003        0.59553        0.00005        0.59542        0.00005
126.5        0.56460        0.00003        0.59534        0.00005        0.59531        0.00005
127.0        0.56453        0.00003        0.59539        0.00005        0.59537        0.00005
127.5        0.56454        0.00003        0.59548        0.00005        0.59545        0.00005
128.0        0.56468        0.00003        0.59528        0.00005        0.59541        0.00005
128.5        0.56456        0.00003        0.59560        0.00005        0.59538        0.00005
129.0        0.56445        0.00003        0.59546        0.00005        0.59555        0.00005
129.5        0.56460        0.00003        0.59515        0.00005        0.59558        0.00005
130.0        0.56463        0.00003        0.59530        0.00005        0.59560        0.00005
130.5        0.56467        0.00003        0.59547        0.00005        0.59509        0.00005
131.0        0.56450        0.00003        0.59550        0.00005        0.59563        0.00005
131.5        0.56466        0.00003        0.59566        0.00005        0.59527        0.00005
132.0        0.56461        0.00003        0.59552        0.00005        0.59545        0.00005
132.5        0.56466        0.00003        0.59539        0.00005        0.59542        0.00005
133.0        0.56475        0.00003        0.59524        0.00005        0.59545        0.00005
133.5        0.56475        0.00003        0.59534        0.00005        0.59534        0.00005
134.0        0.56460        0.00003        0.59559        0.00005        0.59558        0.00005
134.5        0.56464        0.00003        0.59548        0.00005        0.59550        0.00005
135.0        0.56456        0.00003        0.59543        0.00005        0.59562        0.00005
135.5        0.56482        0.00003        0.59527        0.00005        0.59539        0.00005
136.0        0.56473        0.00003        0.59557        0.00005        0.59535        0.00005
136.5        0.56472        0.00003        0.59545        0.00005        0.59555        0.00005
137.0        0.56460        0.00003        0.59560        0.00005        0.59581        0.00005
137.5        0.56468        0.00003        0.59555        0.00005        0.59549        0.00005
138.0        0.56472        0.00003        0.59542        0.00005        0.59556        0.00005
138.5        0.56461        0.00003        0.59563        0.00005        0.59570        0.00005
139.0        0.56483        0.00003        0.59557        0.00005        0.59529        0.00005
139.5        0.56464        0.00003        0.59558        0.00005        0.59560        0.00005
140.0        0.56471        0.00003        0.59547        0.00005        0.59564        0.00005
140.5        0.56470        0.00003        0.59565        0.00005        0.59551        0.00005
141.0        0.56469        0.00003        0.59568        0.00005        0.59543        0.00005
141.5        0.56480        0.00003        0.59556        0.00005        0.59557        0.00005
142.0        0.56478        0.00003        0.59554        0.00005        0.59544        0.00005
142.5        0.56479        0.00003        0.59566        0.00005        0.59534        0.00005
143.0        0.56474        0.00003        0.59552        0.00005        0.59563        0.00005
143.5        0.56485        0.00003        0.59555        0.00005        0.59550        0.00005
144.0        0.56491        0.00003        0.59540        0.00005        0.59551        0.00005
144.5        0.56478        0.00003        0.59565        0.00005        0.59566        0.00005
145.0        0.56475        0.00003        0.59556        0.00005        0.59582        0.00005
145.5        0.56474        0.00003        0.59560        0.00005        0.59570        0.00005
146.0        0.56476        0.00003        0.59570        0.00005        0.59571        0.00005
146.5        0.56476        0.00003        0.59567        0.00005        0.59576        0.00005
147.0        0.56484        0.00003        0.59554        0.00005        0.59564        0.00005
147.5        0.56478        0.00003        0.59562        0.00005        0.59571        0.00005
148.0        0.56491        0.00003        0.59570        0.00005        0.59530        0.00005
148.5        0.56485        0.00003        0.59583        0.00005        0.59566        0.00005
149.0        0.56488        0.00003        0.59567        0.00005        0.59555        0.00005
149.5        0.56469        0.00003        0.59585        0.00005        0.59587        0.00005
150.0        0.56477        0.00003        0.59579        0.00005        0.59589        0.00005
150.5        0.56476        0.00003        0.59576        0.00005        0.59573        0.00005
151.0        0.56477        0.00003        0.59582        0.00005        0.59579        0.00005
151.5        0.56484        0.00003        0.59594        0.00005        0.59564        0.00005
152.0        0.56478        0.00003        0.59597        0.00005        0.59574        0.00005
152.5        0.56485        0.00003        0.59590        0.00005        0.59551        0.00005
153.0        0.56489        0.00003        0.59579        0.00005        0.59587        0.00005
153.5        0.56498        0.00003        0.59573        0.00005        0.59552        0.00005
154.0        0.56482        0.00003        0.59595        0.00005        0.59578        0.00005
154.5        0.56486        0.00003        0.59592        0.00005        0.59568        0.00005
155.0        0.56486        0.00003        0.59594        0.00005        0.59574        0.00005
155.5        0.56494        0.00003        0.59568        0.00005        0.59588        0.00005
156.0        0.56488        0.00003        0.59573        0.00005        0.59593        0.00005
156.5        0.56497        0.00003        0.59595        0.00005        0.59573        0.00005
157.0        0.56498        0.00003        0.59614        0.00005        0.59554        0.00005
157.5        0.56494        0.00003        0.59613        0.00005        0.59564        0.00005
158.0        0.56500        0.00003        0.59581        0.00005        0.59588        0.00005
158.5        0.56497        0.00003        0.59576        0.00005        0.59582        0.00005
159.0        0.56488        0.00003        0.59575        0.00005        0.59596        0.00005
159.5        0.56489        0.00003        0.59612        0.00005        0.59596        0.00005
160.0        0.56500        0.00003        0.59574        0.00005        0.59601        0.00005
160.5        0.56494        0.00003        0.59587        0.00005        0.59596        0.00005
161.0        0.56479        0.00003        0.59610        0.00005        0.59601        0.00005
161.5        0.56489        0.00003        0.59599        0.00005        0.59604        0.00005
162.0        0.56491        0.00003        0.59598        0.00005        0.59605        0.00005
162.5        0.56497        0.00003        0.59576        0.00005        0.59613        0.00005
163.0        0.56506        0.00003        0.59598        0.00005        0.59571        0.00005
163.5        0.56507        0.00003        0.59594        0.00005        0.59575        0.00005
164.0        0.56505        0.00003        0.59587        0.00005        0.59592        0.00005
164.5        0.56490        0.00003        0.59604        0.00005        0.59609        0.00005
165.0        0.56506        0.00003        0.59583        0.00005        0.59598        0.00005
165.5        0.56502        0.00003        0.59615        0.00005        0.59588        0.00005
166.0        0.56503        0.00003        0.59592        0.00005        0.59603        0.00005
166.5        0.56497        0.00003        0.59600        0.00005        0.59599        0.00005
167.0        0.56500        0.00003        0.59593        0.00005        0.59605        0.00005
167.5        0.56492        0.00003        0.59605        0.00005        0.59609        0.00005
168.0        0.56504        0.00003        0.59596        0.00005        0.59603        0.00005
168.5        0.56509        0.00003        0.59592        0.00005        0.59584        0.00005
169.0        0.56508        0.00003        0.59601        0.00005        0.59593        0.00005
169.5        0.56496        0.00003        0.59604        0.00005        0.59627        0.00005
170.0        0.56497        0.00003        0.59606        0.00005        0.59615        0.00005
170.5        0.56501        0.00003        0.59594        0.00005        0.59614        0.00005
171.0        0.56493        0.00003        0.59607        0.00005        0.59611        0.00005
171.5        0.56508        0.00003        0.59593        0.00005        0.59610        0.00005
172.0        0.56513        0.00003        0.59604        0.00005        0.59601        0.00005
172.5        0.56516        0.00003        0.59616        0.00005        0.59600        0.00005
173.0        0.56504        0.00003        0.59643        0.00005        0.59591        0.00005
173.5        0.56508        0.00003        0.59591        0.00005        0.59625        0.00005
174.0        0.56509        0.00003        0.59621        0.00005        0.59601        0.00005
174.5        0.56507        0.00003        0.59613        0.00005        0.59624        0.00005
175.0        0.56502        0.00003        0.59647        0.00005        0.59610        0.00005
175.5        0.56508        0.00003        0.59617        0.00005        0.59626        0.00005
176.0        0.56507        0.00003        0.59630        0.00005        0.59629        0.00005
176.5        0.56509        0.00003        0.59634        0.00005        0.59626        0.00005
177.0        0.56510        0.00003        0.59618        0.00005        0.59641        0.00005
177.5        0.56518        0.00003        0.59617        0.00005        0.59613        0.00005
178.0        0.56508        0.00003        0.59615        0.00005        0.59623        0.00005
178.5        0.56515        0.00003        0.59597        0.00005        0.59643        0.00005
179.0        0.56515        0.00003        0.59616        0.00005        0.59605        0.00005
179.5        0.56502        0.00003        0.59623        0.00005        0.59635        0.00005
180.0        0.56533        0.00003        0.59611        0.00005        0.59601        0.00005
180.5        0.56515        0.00003        0.59633        0.00005        0.59634        0.00005
181.0        0.56516        0.00003        0.59630        0.00005        0.59616        0.00005
181.5        0.56509        0.00003        0.59643        0.00005        0.59637        0.00005
182.0        0.56525        0.00003        0.59626        0.00005        0.59618        0.00005
182.5        0.56529        0.00003        0.59589        0.00005        0.59625        0.00005
183.0        0.56513        0.00003        0.59649        0.00005        0.59622        0.00005
183.5        0.56523        0.00003        0.59639        0.00005        0.59623        0.00005
184.0        0.56509        0.00003        0.59625        0.00005        0.59637        0.00005
184.5        0.56522        0.00003        0.59626        0.00005        0.59637        0.00005
185.0        0.56522        0.00003        0.59629        0.00005        0.59626        0.00005
185.5        0.56525        0.00003        0.59632        0.00005        0.59622        0.00005
186.0        0.56513        0.00003        0.59635        0.00005        0.59636        0.00005
186.5        0.56527        0.00003        0.59636        0.00005        0.59636        0.00005
187.0        0.56534        0.00003        0.59616        0.00005        0.59611        0.00005
187.5        0.56519        0.00003        0.59643        0.00005        0.59617        0.00005
188.0        0.56535        0.00003        0.59619        0.00005        0.59632        0.00005
188.5        0.56532        0.00003        0.59626        0.00005        0.59635        0.00005
189.0        0.56524        0.00003        0.59632        0.00005        0.59632        0.00005
189.5        0.56517        0.00003        0.59650        0.00005        0.59640        0.00005
190.0        0.56531        0.00003        0.59641        0.00005        0.59630        0.00005
190.5        0.56525        0.00003        0.59635        0.00005        0.59646        0.00005
191.0        0.56531        0.00003        0.59648        0.00005        0.59634        0.00005
191.5        0.56522        0.00003        0.59649        0.00005        0.59638        0.00005
192.0        0.56525        0.00003        0.59626        0.00005        0.59652        0.00005
192.5        0.56526        0.00003        0.59632        0.00005        0.59648        0.00005
193.0        0.56531        0.00003        0.59637        0.00005        0.59665        0.00005
193.5        0.56539        0.00003        0.59644        0.00005        0.59621        0.00005
194.0        0.56522        0.00003        0.59646        0.00005        0.59650        0.00005
194.5        0.56531        0.00003        0.59647        0.00005        0.59640        0.00005
195.0        0.56533        0.00003        0.59660        0.00005        0.59624        0.00005
195.5        0.56531        0.00003        0.59650        0.00005        0.59644        0.00005
196.0        0.56535        0.00003        0.59646        0.00005        0.59637        0.00005
196.5        0.56545        0.00003        0.59636        0.00005        0.59633        0.00005
197.0        0.56540        0.00003        0.59632        0.00005        0.59652        0.00005
197.5        0.56550        0.00003        0.59618        0.00005        0.59650        0.00005
198.0        0.56542        0.00003        0.59642        0.00005        0.59655        0.00005
198.5        0.56526        0.00003        0.59662        0.00005        0.59658        0.00005
199.0        0.56544        0.00003        0.59624        0.00005        0.59648        0.00005
199.5        0.56534        0.00003        0.59657        0.00005        0.59658        0.00005
200.0        0.56533        0.00003        0.59659        0.00005        0.59657        0.00005
200.5        0.56527        0.00003        0.59671        0.00005        0.59661        0.00005
201.0        0.56545        0.00003        0.59643        0.00005        0.59649        0.00005
201.5        0.56528        0.00003        0.59649        0.00005        0.59659        0.00005
202.0        0.56543        0.00003        0.59666        0.00005        0.59648        0.00005
202.5        0.56542        0.00003        0.59669        0.00005        0.59644        0.00005
203.0        0.56551        0.00003        0.59628        0.00005        0.59669        0.00005
203.5        0.56552        0.00003        0.59643        0.00005        0.59651        0.00005
204.0        0.56527        0.00003        0.59674        0.00005        0.59674        0.00005
204.5        0.56533        0.00003        0.59664        0.00005        0.59665        0.00005
205.0        0.56531        0.00003        0.59667        0.00005        0.59676        0.00005
205.5        0.56540        0.00003        0.59658        0.00005        0.59685        0.00005
206.0        0.56544        0.00003        0.59682        0.00005        0.59641        0.00005
206.5        0.56544        0.00003        0.59656        0.00005        0.59662        0.00005
207.0        0.56545        0.00003        0.59664        0.00005        0.59664        0.00005
207.5        0.56553        0.00003        0.59646        0.00005        0.59678        0.00005
208.0        0.56531        0.00003        0.59674        0.00005        0.59702        0.00005
208.5        0.56554        0.00003        0.59663        0.00005        0.59646        0.00005
209.0        0.56552        0.00003        0.59661        0.00005        0.59666        0.00005
209.5        0.56547        0.00003        0.59672        0.00005        0.59668        0.00005
210.0        0.56551        0.00003        0.59673        0.00005        0.59660        0.00005
210.5        0.56541        0.00003        0.59705        0.00005        0.59672        0.00005
211.0        0.56551        0.00003        0.59663        0.00005        0.59670        0.00005
211.5        0.56554        0.00003        0.59672        0.00005        0.59678        0.00005
212.0        0.56553        0.00003        0.59677        0.00005        0.59653        0.00005
212.5        0.56560        0.00003        0.59666        0.00005        0.59659        0.00005
213.0        0.56550        0.00003        0.59671        0.00005        0.59677        0.00005
213.5        0.56549        0.00003        0.59673        0.00005        0.59679        0.00005
214.0        0.56552        0.00003        0.59668        0.00005        0.59683        0.00005
214.5        0.56549        0.00003        0.59692        0.00005        0.59690        0.00005
215.0        0.56566        0.00003        0.59667        0.00005        0.59658        0.00005
215.5        0.56559        0.00003        0.59672        0.00005        0.59670        0.00005
216.0        0.56558        0.00003        0.59676        0.00005        0.59678        0.00005
216.5        0.56568        0.00003        0.59685        0.00005        0.59670        0.00005
217.0        0.56558        0.00003        0.59681        0.00005        0.59669        0.00005
217.5        0.56550        0.00003        0.59686        0.00005        0.59686        0.00005
218.0        0.56550        0.00003        0.59693        0.00005        0.59698        0.00005
218.5        0.56557        0.00003        0.59691        0.00005        0.59690        0.00005
219.0        0.56551        0.00003        0.59688        0.00005        0.59689        0.00005
219.5        0.56559        0.00003        0.59702        0.00005        0.59695        0.00005
220.0        0.56551        0.00003        0.59701        0.00005        0.59691        0.00005
220.5        0.56557        0.00003        0.59680        0.00005        0.59708        0.00005
221.0        0.56571        0.00003        0.59677        0.00005        0.59687        0.00005
221.5        0.56564        0.00003        0.59682        0.00005        0.59692        0.00005
222.0        0.56568        0.00003        0.59678        0.00005        0.59674        0.00005
222.5        0.56554        0.00003        0.59710        0.00005        0.59704        0.00005
223.0        0.56555        0.00003        0.59700        0.00005        0.59709        0.00005
223.5        0.56560        0.00003        0.59712        0.00005        0.59699        0.00005
224.0        0.56567        0.00003        0.59686        0.00005        0.59695        0.00005
224.5        0.56563        0.00003        0.59708        0.00005        0.59698        0.00005
225.0        0.56565        0.00003        0.59691        0.00005        0.59713        0.00005
225.5        0.56572        0.00003        0.59698        0.00005        0.59679        0.00005
226.0        0.56563        0.00003        0.59697        0.00005        0.59713        0.00005
226.5        0.56580        0.00003        0.59677        0.00005        0.59683        0.00005
227.0        0.56577        0.00003        0.59676        0.00005        0.59703        0.00005
227.5        0.56555        0.00003        0.59715        0.00005        0.59723        0.00005
228.0        0.56569        0.00003        0.59700        0.00005        0.59693        0.00005
228.5        0.56578        0.00003        0.59678        0.00005        0.59707        0.00005
229.0        0.56556        0.00003        0.59715        0.00005        0.59715        0.00005
229.5        0.56570        0.00003        0.59699        0.00005        0.59718        0.00005
230.0        0.56567        0.00003        0.59710        0.00005        0.59712        0.00005
230.5        0.56577        0.00003        0.59691        0.00005        0.59709        0.00005
231.0        0.56563        0.00003        0.59730        0.00005        0.59714        0.00005
231.5        0.56575        0.00003        0.59701        0.00005        0.59699        0.00005
232.0        0.56578        0.00003        0.59717        0.00005        0.59686        0.00005
232.5        0.56563        0.00003        0.59726        0.00005        0.59707        0.00005
233.0        0.56572        0.00003        0.59720        0.00005        0.59702        0.00005
233.5        0.56589        0.00003        0.59707        0.00005        0.59695        0.00005
234.0        0.56564        0.00003        0.59703        0.00005        0.59718        0.00005
234.5        0.56578        0.00003        0.59708        0.00005        0.59710        0.00005
235.0        0.56576        0.00003        0.59690        0.00005        0.59707        0.00005
235.5        0.56584        0.00003        0.59717        0.00005        0.59703        0.00005
236.0        0.56581        0.00003        0.59706        0.00005        0.59715        0.00005
236.5        0.56576        0.00003        0.59713        0.00005        0.59732        0.00005
237.0        0.56587        0.00003        0.59709        0.00005        0.59688        0.00005
237.5        0.56566        0.00003        0.59728        0.00005        0.59734        0.00005
238.0        0.56571        0.00003        0.59732        0.00005        0.59744        0.00005
238.5        0.56587        0.00003        0.59704        0.00005        0.59700        0.00005
239.0        0.56573        0.00003        0.59727        0.00005        0.59739        0.00005
239.5        0.56584        0.00003        0.59733        0.00005        0.59716        0.00005
240.0        0.56589        0.00003        0.59730        0.00005        0.59709        0.00005
240.5        0.56583        0.00003        0.59726        0.00005        0.59727        0.00005
241.0        0.56575        0.00003        0.59735        0.00005        0.59727        0.00005
241.5        0.56581        0.00003        0.59742        0.00005        0.59709        0.00005
242.0        0.56576        0.00003        0.59745        0.00005        0.59728        0.00005
242.5        0.56580        0.00003        0.59718        0.00005        0.59739        0.00005
243.0        0.56584        0.00003        0.59736        0.00005        0.59731        0.00005
243.5        0.56593        0.00003        0.59726        0.00005        0.59728        0.00005
244.0        0.56579        0.00003        0.59743        0.00005        0.59731        0.00005
244.5        0.56586        0.00003        0.59723        0.00005        0.59739        0.00005
245.0        0.56586        0.00003        0.59725        0.00005        0.59723        0.00005
245.5        0.56597        0.00003        0.59737        0.00005        0.59710        0.00005
246.0        0.56585        0.00003        0.59722        0.00005        0.59734        0.00005
246.5        0.56583        0.00003        0.59747        0.00005        0.59728        0.00005
247.0        0.56597        0.00003        0.59725        0.00005        0.59736        0.00005
247.5        0.56598        0.00003        0.59717        0.00005        0.59743        0.00005
248.0        0.56588        0.00003        0.59747        0.00005        0.59741        0.00005
248.5        0.56592        0.00003        0.59754        0.00005        0.59707        0.00005
249.0        0.56590        0.00003        0.59734        0.00005        0.59751        0.00005
249.5        0.56601        0.00003        0.59727        0.00005        0.59733        0.00005
250.0        0.56597        0.00003        0.59729        0.00005        0.59725        0.00005
250.5        0.56582        0.00003        0.59759        0.00005        0.59751        0.00005
251.0        0.56593        0.00003        0.59738        0.00005        0.59735        0.00005
251.5        0.56597        0.00003        0.59734        0.00005        0.59742        0.00005
252.0        0.56598        0.00003        0.59731        0.00005        0.59727        0.00005
252.5        0.56584        0.00003        0.59762        0.00005        0.59748        0.00005
253.0        0.56589        0.00003        0.59737        0.00005        0.59773        0.00005
253.5        0.56591        0.00003        0.59745        0.00005        0.59752        0.00005
254.0        0.56589        0.00003        0.59752        0.00005        0.59754        0.00005
254.5        0.56585        0.00003        0.59741        0.00005        0.59756        0.00005
255.0        0.56603        0.00003        0.59757        0.00005        0.59740        0.00005
255.5        0.56594        0.00003        0.59754        0.00005        0.59729        0.00005
256.0        0.56606        0.00003        0.59741        0.00005        0.59741        0.00005
256.5        0.56594        0.00003        0.59746        0.00005        0.59742        0.00005
257.0        0.56589        0.00003        0.59738        0.00005        0.59770        0.00005
257.5        0.56598        0.00003        0.59756        0.00005        0.59770        0.00005
258.0        0.56599        0.00003        0.59767        0.00005        0.59754        0.00005
258.5        0.56592        0.00003        0.59774        0.00005        0.59758        0.00005
259.0        0.56599        0.00003        0.59758        0.00005        0.59759        0.00005
259.5        0.56607        0.00003        0.59753        0.00005        0.59757        0.00005
260.0        0.56623        0.00003        0.59738        0.00005        0.59735        0.00005
260.5        0.56597        0.00003        0.59782        0.00005        0.59762        0.00005
261.0        0.56604        0.00003        0.59752        0.00005        0.59752        0.00005
261.5        0.56588        0.00003        0.59782        0.00005        0.59772        0.00005
262.0        0.56599        0.00003        0.59749        0.00005        0.59773        0.00005
262.5        0.56613        0.00003        0.59765        0.00005        0.59739        0.00005
263.0        0.56605        0.00003        0.59765        0.00005        0.59769        0.00005
263.5        0.56601        0.00003        0.59768        0.00005        0.59764        0.00005
264.0        0.56616        0.00003        0.59738        0.00005        0.59772        0.00005
264.5        0.56598        0.00003        0.59773        0.00005        0.59788        0.00005
265.0        0.56604        0.00003        0.59764        0.00005        0.59774        0.00005
265.5        0.56615        0.00003        0.59763        0.00005        0.59760        0.00005
266.0        0.56618        0.00003        0.59757        0.00005        0.59743        0.00005
266.5        0.56602        0.00003        0.59794        0.00005        0.59759        0.00005
267.0        0.56611        0.00003        0.59755        0.00005        0.59782        0.00005
267.5        0.56612        0.00003        0.59766        0.00005        0.59761        0.00005
268.0        0.56597        0.00003        0.59799        0.00005        0.59769        0.00005
268.5        0.56624        0.00003        0.59734        0.00005        0.59775        0.00005
269.0        0.56615        0.00003        0.59781        0.00005        0.59752        0.00005
269.5        0.56606        0.00003        0.59782        0.00005        0.59774        0.00005
270.0        0.56612        0.00003        0.59796        0.00005        0.59760        0.00005
270.5        0.56615        0.00003        0.59770        0.00005        0.59775        0.00005
271.0        0.56626        0.00003        0.59769        0.00005        0.59778        0.00005
271.5        0.56616        0.00003        0.59779        0.00005        0.59762        0.00005
272.0        0.56612        0.00003        0.59787        0.00005        0.59778        0.00005
272.5        0.56630        0.00003        0.59769        0.00005        0.59758        0.00005
273.0        0.56623        0.00003        0.59757        0.00005        0.59773        0.00005
273.5        0.56615        0.00003        0.59767        0.00005        0.59791        0.00005
274.0        0.56616        0.00003        0.59762        0.00005        0.59802        0.00005
274.5        0.56628        0.00003        0.59759        0.00005        0.59763        0.00006
275.0        0.56631        0.00003        0.59771        0.00005        0.59774        0.00005
275.5        0.56624        0.00003        0.59787        0.00005        0.59776        0.00005
276.0        0.56625        0.00003        0.59779        0.00005        0.59782        0.00005
276.5        0.56621        0.00003        0.59785        0.00005        0.59783        0.00005
277.0        0.56632        0.00003        0.59760        0.00005        0.59780        0.00005
277.5        0.56611        0.00003        0.59784        0.00005        0.59795        0.00005
278.0        0.56619        0.00003        0.59806        0.00005        0.59781        0.00005
278.5        0.56635        0.00003        0.59780        0.00006        0.59763        0.00005
279.0        0.56624        0.00003        0.59773        0.00005        0.59791        0.00005
279.5        0.56629        0.00003        0.59789        0.00005        0.59789        0.00005
280.0        0.56608        0.00003        0.59807        0.00005        0.59799        0.00005
280.5        0.56624        0.00003        0.59784        0.00005        0.59797        0.00006
281.0        0.56620        0.00003        0.59800        0.00005        0.59799        0.00005
281.5        0.56627        0.00003        0.59771        0.00005        0.59803        0.00006
282.0        0.56642        0.00003        0.59780        0.00005        0.59780        0.00005
282.5        0.56617        0.00003        0.59809        0.00005        0.59814        0.00005
283.0        0.56633        0.00003        0.59778        0.00005        0.59807        0.00005
283.5        0.56633        0.00003        0.59805        0.00005        0.59801        0.00005
284.0        0.56619        0.00003        0.59802        0.00005        0.59810        0.00005
284.5        0.56634        0.00003        0.59793        0.00005        0.59798        0.00005
285.0        0.56632        0.00003        0.59794        0.00005        0.59796        0.00005
285.5        0.56632        0.00003        0.59817        0.00005        0.59781        0.00005
286.0        0.56647        0.00003        0.59783        0.00006        0.59798        0.00005
286.5        0.56639        0.00003        0.59797        0.00005        0.59803        0.00005
287.0        0.56625        0.00003        0.59792        0.00005        0.59820        0.00005
287.5        0.56643        0.00003        0.59782        0.00005        0.59790        0.00005
288.0        0.56637        0.00003        0.59809        0.00005        0.59789        0.00005
288.5        0.56628        0.00003        0.59818        0.00005        0.59800        0.00005
289.0        0.56644        0.00003        0.59793        0.00005        0.59806        0.00005
289.5        0.56633        0.00003        0.59787        0.00005        0.59817        0.00005
290.0        0.56640        0.00003        0.59803        0.00005        0.59803        0.00005
290.5        0.56639        0.00003        0.59819        0.00005        0.59805        0.00005
291.0        0.56633        0.00003        0.59810        0.00005        0.59827        0.00005
291.5        0.56636        0.00003        0.59821        0.00005        0.59822        0.00005
292.0        0.56644        0.00003        0.59808        0.00005        0.59814        0.00005
292.5        0.56635        0.00003        0.59821        0.00005        0.59808        0.00005
293.0        0.56652        0.00003        0.59801        0.00005        0.59810        0.00005
293.5        0.56639        0.00003        0.59816        0.00005        0.59815        0.00005
294.0        0.56661        0.00003        0.59786        0.00005        0.59788        0.00005
294.5        0.56630        0.00003        0.59850        0.00005        0.59810        0.00005
295.0        0.56628        0.00003        0.59832        0.00005        0.59843        0.00005
295.5        0.56646        0.00003        0.59803        0.00005        0.59826        0.00005
296.0        0.56646        0.00003        0.59830        0.00005        0.59806        0.00005
296.5        0.56645        0.00003        0.59817        0.00005        0.59828        0.00005
297.0        0.56647        0.00003        0.59808        0.00005        0.59813        0.00005
297.5        0.56662        0.00003        0.59808        0.00005        0.59794        0.00005
298.0        0.56643        0.00003        0.59821        0.00005        0.59814        0.00005
298.5        0.56647        0.00003        0.59827        0.00005        0.59824        0.00005
299.0        0.56648        0.00003        0.59804        0.00005        0.59824        0.00005
299.5        0.56636        0.00003        0.59834        0.00005        0.59845        0.00005
300.0        0.56658        0.00003        0.59816        0.00005        0.59813        0.00005
300.5        0.56648        0.00003        0.59823        0.00005        0.59830        0.00005
301.0        0.56644        0.00003        0.59810        0.00005        0.59847        0.00005
301.5        0.56651        0.00003        0.59819        0.00005        0.59823        0.00005
302.0        0.56655        0.00003        0.59809        0.00005        0.59838        0.00005
302.5        0.56660        0.00003        0.59818        0.00005        0.59819        0.00005
303.0        0.56655        0.00003        0.59809        0.00005        0.59849        0.00005
303.5        0.56656        0.00003        0.59820        0.00005        0.59823        0.00005
304.0        0.56665        0.00003        0.59815        0.00005        0.59820        0.00005
304.5        0.56661        0.00003        0.59836        0.00005        0.59823        0.00005
305.0        0.56648        0.00003        0.59844        0.00005        0.59833        0.00005
305.5        0.56659        0.00003        0.59825        0.00005        0.59838        0.00005
306.0        0.56659        0.00003        0.59843        0.00005        0.59823        0.00005
306.5        0.56658        0.00003        0.59845        0.00005        0.59815        0.00005
307.0        0.56654        0.00003        0.59836        0.00005        0.59837        0.00005
307.5        0.56664        0.00003        0.59824        0.00005        0.59829        0.00005
308.0        0.56652        0.00003        0.59833        0.00005        0.59838        0.00005
308.5        0.56657        0.00003        0.59839        0.00005        0.59839        0.00005
309.0        0.56665        0.00003        0.59830        0.00005        0.59863        0.00005
309.5        0.56647        0.00003        0.59863        0.00005        0.59851        0.00005
310.0        0.56645        0.00003        0.59846        0.00005        0.59867        0.00005
310.5        0.56653        0.00003        0.59867        0.00005        0.59849        0.00005
311.0        0.56671        0.00003        0.59824        0.00005        0.59827        0.00005
311.5        0.56671        0.00003        0.59822        0.00005        0.59840        0.00005
312.0        0.56656        0.00003        0.59846        0.00005        0.59856        0.00005
312.5        0.56656        0.00003        0.59847        0.00005        0.59862        0.00005
313.0        0.56670        0.00003        0.59842        0.00005        0.59846        0.00005
313.5        0.56675        0.00003        0.59822        0.00005        0.59840        0.00005
314.0        0.56666        0.00003        0.59848        0.00005        0.59840        0.00005
314.5        0.56678        0.00003        0.59830        0.00005        0.59837        0.00005
315.0        0.56659        0.00003        0.59868        0.00005        0.59854        0.00005
315.5        0.56663        0.00003        0.59848        0.00005        0.59848        0.00005
316.0        0.56678        0.00003        0.59840        0.00005        0.59837        0.00005
316.5        0.56660        0.00003        0.59858        0.00005        0.59850        0.00005
317.0        0.56667        0.00003        0.59854        0.00005        0.59858        0.00005
317.5        0.56662        0.00003        0.59869        0.00005        0.59855        0.00005
318.0        0.56683        0.00003        0.59832        0.00005        0.59831        0.00005
318.5        0.56673        0.00003        0.59856        0.00005        0.59861        0.00006
319.0        0.56673        0.00003        0.59866        0.00006        0.59846        0.00005
319.5        0.56672        0.00003        0.59868        0.00005        0.59854        0.00005
320.0        0.56675        0.00003        0.59843        0.00005        0.59857        0.00005
320.5        0.56663        0.00003        0.59854        0.00005        0.59877        0.00005
321.0        0.56682        0.00003        0.59840        0.00005        0.59856        0.00005
321.5        0.56670        0.00003        0.59876        0.00005        0.59858        0.00005
322.0        0.56663        0.00003        0.59863        0.00006        0.59867        0.00005
322.5        0.56673        0.00003        0.59889        0.00005        0.59855        0.00006
323.0        0.56674        0.00003        0.59874        0.00005        0.59866        0.00005
323.5        0.56674        0.00003        0.59861        0.00005        0.59872        0.00005
324.0        0.56688        0.00003        0.59866        0.00005        0.59840        0.00005
324.5        0.56684        0.00003        0.59832        0.00005        0.59874        0.00005
325.0        0.56682        0.00003        0.59864        0.00005        0.59870        0.00005
325.5        0.56679        0.00003        0.59848        0.00005        0.59874        0.00005
326.0        0.56688        0.00003        0.59855        0.00005        0.59847        0.00005
326.5        0.56672        0.00003        0.59891        0.00005        0.59853        0.00005
327.0        0.56679        0.00003        0.59857        0.00005        0.59880        0.00005
327.5        0.56669        0.00003        0.59888        0.00005        0.59861        0.00005
328.0        0.56682        0.00003        0.59881        0.00005        0.59860        0.00005
328.5        0.56687        0.00003        0.59869        0.00005        0.59854        0.00005
329.0        0.56684        0.00003        0.59887        0.00005        0.59867        0.00005
329.5        0.56675        0.00003        0.59874        0.00005        0.59886        0.00005
330.0        0.56676        0.00003        0.59884        0.00005        0.59873        0.00005
330.5        0.56681        0.00003        0.59897        0.00005        0.59873        0.00005
331.0        0.56676        0.00003        0.59887        0.00005        0.59883        0.00005
331.5        0.56683        0.00003        0.59884        0.00005        0.59862        0.00005
332.0        0.56695        0.00003        0.59858        0.00005        0.59875        0.00005
332.5        0.56671        0.00003        0.59884        0.00005        0.59911        0.00005
333.0        0.56690        0.00003        0.59872        0.00005        0.59874        0.00005
333.5        0.56676        0.00003        0.59893        0.00005        0.59905        0.00005
334.0        0.56686        0.00003        0.59871        0.00005        0.59885        0.00005
334.5        0.56699        0.00003        0.59884        0.00005        0.59856        0.00005
335.0        0.56682        0.00003        0.59885        0.00005        0.59888        0.00005
335.5        0.56695        0.00003        0.59897        0.00005        0.59873        0.00005
336.0        0.56688        0.00003        0.59884        0.00006        0.59892        0.00005
336.5        0.56676        0.00003        0.59890        0.00005        0.59916        0.00005
337.0        0.56688        0.00003        0.59896        0.00005        0.59889        0.00005
337.5        0.56685        0.00003        0.59890        0.00006        0.59894        0.00005
338.0        0.56685        0.00003        0.59914        0.00005        0.59887        0.00005
338.5        0.56684        0.00003        0.59901        0.00005        0.59901        0.00005
339.0        0.56695        0.00003        0.59900        0.00005        0.59889        0.00005
339.5        0.56693        0.00003        0.59880        0.00005        0.59895        0.00005
340.0        0.56690        0.00003        0.59908        0.00005        0.59904        0.00005
340.5        0.56698        0.00003        0.59888        0.00005        0.59901        0.00005
341.0        0.56686        0.00003        0.59895        0.00005        0.59913        0.00005
341.5        0.56696        0.00003        0.59898        0.00005        0.59899        0.00005
342.0        0.56700        0.00003        0.59894        0.00005        0.59904        0.00006
342.5        0.56687        0.00003        0.59897        0.00005        0.59920        0.00005
343.0        0.56694        0.00003        0.59902        0.00005        0.59890        0.00005
343.5        0.56697        0.00003        0.59908        0.00005        0.59912        0.00005
344.0        0.56698        0.00003        0.59899        0.00005        0.59901        0.00005
344.5        0.56696        0.00003        0.59912        0.00006        0.59902        0.00005
345.0        0.56701        0.00003        0.59896        0.00005        0.59902        0.00005
345.5        0.56706        0.00003        0.59913        0.00005        0.59897        0.00005
346.0        0.56720        0.00003        0.59893        0.00005        0.59889        0.00006
346.5        0.56701        0.00003        0.59929        0.00005        0.59898        0.00005
347.0        0.56698        0.00003        0.59898        0.00005        0.59897        0.00005
347.5        0.56705        0.00003        0.59889        0.00005        0.59910        0.00005
348.0        0.56706        0.00003        0.59901        0.00005        0.59910        0.00005
348.5        0.56699        0.00003        0.59897        0.00005        0.59937        0.00005
349.0        0.56714        0.00003        0.59880        0.00005        0.59923        0.00005
349.5        0.56721        0.00003        0.59896        0.00005        0.59871        0.00005
350.0        0.56700        0.00003        0.59890        0.00005        0.59935        0.00005
350.5        0.56708        0.00003        0.59924        0.00005        0.59903        0.00005
351.0        0.56702        0.00003        0.59929        0.00005        0.59911        0.00005
351.5        0.56707        0.00003        0.59925        0.00005        0.59903        0.00005
352.0        0.56697        0.00003        0.59920        0.00006        0.59925        0.00006
352.5        0.56713        0.00003        0.59906        0.00005        0.59906        0.00005
353.0        0.56717        0.00003        0.59896        0.00005        0.59917        0.00005
353.5        0.56697        0.00003        0.59920        0.00005        0.59945        0.00005
354.0        0.56706        0.00003        0.59938        0.00005        0.59899        0.00005
354.5        0.56711        0.00003        0.59913        0.00006        0.59913        0.00005
355.0        0.56708        0.00003        0.59920        0.00005        0.59925        0.00005
355.5        0.56704        0.00003        0.59939        0.00005        0.59919        0.00005
356.0        0.56704        0.00003        0.59924        0.00005        0.59926        0.00005
356.5        0.56726        0.00003        0.59904        0.00006        0.59904        0.00005
357.0        0.56707        0.00003        0.59933        0.00006        0.59916        0.00005
357.5        0.56709        0.00003        0.59933        0.00005        0.59920        0.00005
358.0        0.56724        0.00003        0.59904        0.00005        0.59918        0.00006
358.5        0.56714        0.00003        0.59918        0.00005        0.59945        0.00006
359.0        0.56713        0.00003        0.59919        0.00006        0.59933        0.00005
359.5        0.56714        0.00003        0.59927        0.00006        0.59934        0.00005
360.0        0.56719        0.00003        0.59952        0.00005        0.59910        0.00005
360.5        0.56703        0.00003        0.59957        0.00006        0.59930        0.00005
361.0        0.56726        0.00003        0.59929        0.00005        0.59929        0.00005
361.5        0.56713        0.00003        0.59940        0.00006        0.59923        0.00005
362.0        0.56703        0.00003        0.59949        0.00005        0.59949        0.00005
362.5        0.56720        0.00003        0.59920        0.00005        0.59932        0.00006
363.0        0.56712        0.00003        0.59954        0.00005        0.59946        0.00005
363.5        0.56724        0.00003        0.59917        0.00005        0.59925        0.00005
364.0        0.56710        0.00003        0.59961        0.00005        0.59950        0.00005
364.5        0.56716        0.00003        0.59935        0.00005        0.59939        0.00005
365.0        0.56718        0.00003        0.59944        0.00005        0.59930        0.00005
365.5        0.56715        0.00003        0.59953        0.00005        0.59939        0.00006
366.0        0.56716        0.00003        0.59949        0.00005        0.59941        0.00005
366.5        0.56727        0.00003        0.59950        0.00005        0.59940        0.00005
367.0        0.56724        0.00003        0.59946        0.00005        0.59942        0.00005
367.5        0.56725        0.00003        0.59949        0.00005        0.59926        0.00005
368.0        0.56724        0.00003        0.59943        0.00005        0.59947        0.00005
368.5        0.56720        0.00003        0.59954        0.00006        0.59951        0.00005
369.0        0.56729        0.00003        0.59953        0.00006        0.59945        0.00006
369.5        0.56722        0.00003        0.59951        0.00005        0.59957        0.00005
370.0        0.56743        0.00003        0.59949        0.00006        0.59903        0.00005
370.5        0.56738        0.00003        0.59936        0.00006        0.59934        0.00005
371.0        0.56725        0.00003        0.59952        0.00006        0.59965        0.00005
371.5        0.56738        0.00003        0.59936        0.00005        0.59947        0.00005
372.0        0.56718        0.00003        0.59983        0.00005        0.59954        0.00005
372.5        0.56732        0.00003        0.59963        0.00005        0.59941        0.00005
373.0        0.56726        0.00003        0.59956        0.00006        0.59971        0.00005
373.5        0.56729        0.00003        0.59948        0.00005        0.59952        0.00005
374.0        0.56734        0.00003        0.59948        0.00005        0.59969        0.00005
374.5        0.56737        0.00003        0.59955        0.00006        0.59942        0.00005
375.0        0.56734        0.00003        0.59959        0.00005        0.59970        0.00005
375.5        0.56742        0.00003        0.59965        0.00005        0.59944        0.00005
376.0        0.56741        0.00003        0.59951        0.00005        0.59961        0.00005
376.5        0.56727        0.00003        0.59963        0.00005        0.59979        0.00006
377.0        0.56748        0.00003        0.59951        0.00006        0.59946        0.00005
377.5        0.56728        0.00003        0.59969        0.00005        0.59966        0.00005
378.0        0.56743        0.00003        0.59971        0.00005        0.59935        0.00006
378.5        0.56727        0.00003        0.59978        0.00005        0.59956        0.00005
379.0        0.56741        0.00003        0.59962        0.00005        0.59950        0.00006
379.5        0.56736        0.00003        0.59947        0.00006        0.59969        0.00005
380.0        0.56740        0.00003        0.59954        0.00005        0.59958        0.00005
380.5        0.56748        0.00003        0.59963        0.00005        0.59966        0.00005
381.0        0.56748        0.00003        0.59971        0.00005        0.59953        0.00005
381.5        0.56749        0.00003        0.59962        0.00005        0.59949        0.00005
382.0        0.56742        0.00003        0.59972        0.00005        0.59968        0.00005
382.5        0.56753        0.00003        0.59990        0.00005        0.59946        0.00005
383.0        0.56752        0.00003        0.59962        0.00005        0.59956        0.00005
383.5        0.56732        0.00003        0.59975        0.00005        0.59984        0.00005
384.0        0.56744        0.00003        0.59964        0.00005        0.59981        0.00005
384.5        0.56748        0.00003        0.59976        0.00005        0.59956        0.00005
385.0        0.56740        0.00003        0.59990        0.00005        0.59970        0.00005
385.5        0.56754        0.00003        0.59979        0.00005        0.59961        0.00005
386.0        0.56751        0.00003        0.59964        0.00005        0.59985        0.00006
386.5        0.56756        0.00003        0.59964        0.00005        0.59952        0.00006
387.0        0.56750        0.00003        0.59969        0.00005        0.59984        0.00005
387.5        0.56749        0.00003        0.59999        0.00005        0.59954        0.00005
388.0        0.56746        0.00003        0.59982        0.00006        0.59969        0.00005
388.5        0.56740        0.00003        0.59992        0.00005        0.59960        0.00005
389.0        0.56740        0.00003        0.59995        0.00006        0.60000        0.00005
389.5        0.56748        0.00003        0.59966        0.00006        0.59991        0.00005
390.0        0.56743        0.00003        0.60004        0.00005        0.59988        0.00005
390.5        0.56744        0.00003        0.59969        0.00005        0.59997        0.00005
391.0        0.56759        0.00003        0.59964        0.00005        0.59988        0.00005
391.5        0.56750        0.00003        0.59970        0.00006        0.59994        0.00005
392.0        0.56744        0.00003        0.59995        0.00005        0.59985        0.00005
392.5        0.56743        0.00003        0.60017        0.00005        0.59979        0.00005
393.0        0.56740        0.00003        0.59987        0.00005        0.60011        0.00005
393.5        0.56755        0.00003        0.59992        0.00005        0.59981        0.00006
394.0        0.56747        0.00003        0.59992        0.00005        0.59997        0.00006
394.5        0.56755        0.00003        0.60002        0.00005        0.59997        0.00005
395.0        0.56770        0.00003        0.59983        0.00005        0.59985        0.00005
395.5        0.56761        0.00003        0.59978        0.00005        0.60003        0.00005
396.0        0.56759        0.00003        0.59991        0.00006        0.60002        0.00005
396.5        0.56762        0.00003        0.59985        0.00005        0.60001        0.00005
397.0        0.56764        0.00003        0.59992        0.00005        0.60000        0.00005
397.5        0.56762        0.00003        0.59987        0.00005        0.59989        0.00005
398.0        0.56761        0.00003        0.59985        0.00005        0.60006        0.00006
398.5        0.56754        0.00003        0.59997        0.00005        0.60003        0.00005
399.0        0.56756        0.00003        0.59991        0.00006        0.59999        0.00005
399.5        0.56765        0.00003        0.59994        0.00005        0.60001        0.00006
400.0        0.56763        0.00003        0.59987        0.00006        0.60004        0.00005
400.5        0.56763        0.00003        0.60004        0.00005        0.59999        0.00005
401.0        0.56760        0.00003        0.59995        0.00005        0.59999        0.00005
401.5        0.56755        0.00003        0.60003        0.00005        0.60023        0.00005
402.0        0.56764        0.00003        0.60008        0.00005        0.60002        0.00005
402.5        0.56776        0.00003        0.59996        0.00005        0.59986        0.00005
403.0        0.56755        0.00003        0.60013        0.00005        0.60020        0.00005
403.5        0.56758        0.00003        0.60014        0.00005        0.60014        0.00005
404.0        0.56777        0.00003        0.60008        0.00005        0.60003        0.00005
404.5        0.56760        0.00003        0.60025        0.00006        0.60013        0.00005
405.0        0.56769        0.00003        0.60010        0.00006        0.60008        0.00006
405.5        0.56765        0.00003        0.60012        0.00006        0.60026        0.00006
406.0        0.56770        0.00003        0.60000        0.00005        0.60004        0.00005
406.5        0.56769        0.00003        0.60021        0.00005        0.60006        0.00005
407.0        0.56770        0.00003        0.60026        0.00005        0.60009        0.00005
407.5        0.56773        0.00003        0.60015        0.00005        0.60008        0.00006
408.0        0.56770        0.00003        0.60035        0.00006        0.60002        0.00006
408.5        0.56774        0.00003        0.60012        0.00005        0.60017        0.00006
409.0        0.56778        0.00003        0.60019        0.00005        0.60004        0.00005
409.5        0.56781        0.00003        0.60016        0.00005        0.60010        0.00005
410.0        0.56773        0.00003        0.60029        0.00005        0.60012        0.00005
410.5        0.56779        0.00003        0.60020        0.00006        0.60012        0.00005
411.0        0.56772        0.00003        0.60023        0.00005        0.60036        0.00005
411.5        0.56776        0.00003        0.60029        0.00005        0.60015        0.00006
412.0        0.56770        0.00003        0.60031        0.00005        0.60028        0.00005
412.5        0.56786        0.00003        0.60027        0.00005        0.60029        0.00005
413.0        0.56778        0.00003        0.60024        0.00005        0.60000        0.00006
413.5        0.56776        0.00003        0.60030        0.00005        0.60005        0.00005
414.0        0.56789        0.00003        0.60021        0.00005        0.60002        0.00005
414.5        0.56784        0.00003        0.60020        0.00006        0.60021        0.00006
415.0        0.56783        0.00003        0.60029        0.00005        0.60032        0.00005
415.5        0.56795        0.00003        0.60000        0.00005        0.60035        0.00005
416.0        0.56769        0.00003        0.60037        0.00006        0.60044        0.00005
416.5        0.56769        0.00003        0.60034        0.00006        0.60051        0.00005
417.0        0.56785        0.00003        0.60036        0.00006        0.60018        0.00005
417.5        0.56783        0.00003        0.60043        0.00005        0.60035        0.00005
418.0        0.56784        0.00003        0.60032        0.00005        0.60043        0.00005
418.5        0.56776        0.00003        0.60054        0.00006        0.60019        0.00005
419.0        0.56787        0.00003        0.60030        0.00005        0.60035        0.00005
419.5        0.56776        0.00003        0.60055        0.00006        0.60060        0.00006
420.0        0.56786        0.00003        0.60061        0.00006        0.60015        0.00005
420.5        0.56777        0.00003        0.60051        0.00006        0.60053        0.00005
421.0        0.56788        0.00003        0.60030        0.00005        0.60033        0.00005
421.5        0.56778        0.00003        0.60046        0.00005        0.60043        0.00006
422.0        0.56781        0.00003        0.60024        0.00006        0.60064        0.00005
422.5        0.56777        0.00003        0.60046        0.00006        0.60057        0.00005
423.0        0.56777        0.00003        0.60051        0.00005        0.60058        0.00005
423.5        0.56794        0.00003        0.60041        0.00006        0.60054        0.00006
424.0        0.56782        0.00003        0.60053        0.00005        0.60054        0.00005
424.5        0.56776        0.00003        0.60070        0.00005        0.60067        0.00005
425.0        0.56793        0.00003        0.60043        0.00005        0.60051        0.00006
425.5        0.56793        0.00003        0.60065        0.00005        0.60054        0.00006
426.0        0.56783        0.00003        0.60040        0.00005        0.60053        0.00005
426.5        0.56791        0.00003        0.60062        0.00006        0.60053        0.00005
427.0        0.56791        0.00003        0.60047        0.00005        0.60066        0.00005
427.5        0.56797        0.00003        0.60044        0.00005        0.60042        0.00005
428.0        0.56784        0.00003        0.60047        0.00006        0.60061        0.00006
428.5        0.56811        0.00003        0.60045        0.00006        0.60039        0.00005
429.0        0.56791        0.00003        0.60051        0.00005        0.60075        0.00005
429.5        0.56809        0.00003        0.60048        0.00006        0.60040        0.00005
430.0        0.56800        0.00003        0.60048        0.00005        0.60054        0.00006
430.5        0.56795        0.00003        0.60051        0.00005        0.60067        0.00006
431.0        0.56798        0.00003        0.60058        0.00005        0.60062        0.00005
431.5        0.56802        0.00003        0.60054        0.00006        0.60039        0.00005
432.0        0.56805        0.00003        0.60056        0.00006        0.60050        0.00005
432.5        0.56799        0.00003        0.60060        0.00006        0.60061        0.00005
433.0        0.56799        0.00003        0.60067        0.00006        0.60063        0.00005
433.5        0.56806        0.00003        0.60063        0.00005        0.60067        0.00006
434.0        0.56792        0.00003        0.60065        0.00005        0.60091        0.00005
434.5        0.56813        0.00003        0.60049        0.00005        0.60056        0.00006
435.0        0.56791        0.00003        0.60073        0.00006        0.60071        0.00005
435.5        0.56802        0.00003        0.60080        0.00005        0.60061        0.00005
436.0        0.56807        0.00003        0.60048        0.00005        0.60048        0.00006
436.5        0.56800        0.00003        0.60081        0.00005        0.60046        0.00005
437.0        0.56807        0.00003        0.60056        0.00005        0.60069        0.00005
437.5        0.56801        0.00003        0.60070        0.00005        0.60079        0.00006
438.0        0.56795        0.00003        0.60068        0.00006        0.60086        0.00006
438.5        0.56810        0.00003        0.60089        0.00006        0.60072        0.00005
439.0        0.56808        0.00003        0.60075        0.00005        0.60062        0.00005
439.5        0.56801        0.00003        0.60067        0.00005        0.60091        0.00006
440.0        0.56810        0.00003        0.60073        0.00006        0.60075        0.00005
440.5        0.56795        0.00003        0.60071        0.00005        0.60101        0.00006
441.0        0.56799        0.00003        0.60083        0.00005        0.60089        0.00006
441.5        0.56798        0.00003        0.60086        0.00006        0.60090        0.00006
442.0        0.56812        0.00003        0.60071        0.00006        0.60072        0.00006
442.5        0.56795        0.00003        0.60085        0.00005        0.60104        0.00006
443.0        0.56819        0.00003        0.60055        0.00006        0.60087        0.00005
443.5        0.56807        0.00003        0.60096        0.00006        0.60073        0.00005
444.0        0.56808        0.00003        0.60095        0.00005        0.60078        0.00006
444.5        0.56817        0.00003        0.60069        0.00005        0.60086        0.00005
445.0        0.56818        0.00003        0.60082        0.00006        0.60073        0.00005
445.5        0.56817        0.00003        0.60090        0.00005        0.60065        0.00006
446.0        0.56813        0.00003        0.60061        0.00006        0.60103        0.00005
446.5        0.56824        0.00003        0.60079        0.00005        0.60058        0.00006
447.0        0.56813        0.00003        0.60091        0.00006        0.60064        0.00005
447.5        0.56818        0.00003        0.60085        0.00005        0.60105        0.00005
448.0        0.56813        0.00003        0.60112        0.00005        0.60094        0.00006
448.5        0.56818        0.00003        0.60105        0.00006        0.60084        0.00005
449.0        0.56836        0.00003        0.60076        0.00005        0.60057        0.00006
449.5        0.56827        0.00003        0.60089        0.00005        0.60094        0.00005
450.0        0.56811        0.00003        0.60110        0.00006        0.60105        0.00006
450.5        0.56812        0.00003        0.60101        0.00006        0.60104        0.00005
451.0        0.56823        0.00003        0.60106        0.00006        0.60093        0.00005
451.5        0.56824        0.00003        0.60090        0.00005        0.60078        0.00005
452.0        0.56826        0.00003        0.60101        0.00005        0.60082        0.00005
452.5        0.56828        0.00003        0.60096        0.00005        0.60091        0.00006
453.0        0.56818        0.00003        0.60094        0.00006        0.60124        0.00005
453.5        0.56835        0.00003        0.60085        0.00006        0.60097        0.00006
454.0        0.56822        0.00003        0.60095        0.00005        0.60104        0.00005
454.5        0.56818        0.00003        0.60105        0.00006        0.60117        0.00006
455.0        0.56824        0.00003        0.60090        0.00005        0.60116        0.00006
455.5        0.56826        0.00003        0.60104        0.00006        0.60103        0.00006
456.0        0.56822        0.00003        0.60116        0.00005        0.60115        0.00006
456.5        0.56835        0.00003        0.60098        0.00005        0.60103        0.00006
457.0        0.56833        0.00003        0.60110        0.00005        0.60100        0.00005
457.5        0.56834        0.00003        0.60104        0.00005        0.60101        0.00005
458.0        0.56828        0.00003        0.60122        0.00006        0.60103        0.00006
458.5        0.56817        0.00003        0.60116        0.00006        0.60127        0.00005
459.0        0.56826        0.00003        0.60099        0.00006        0.60115        0.00006
459.5        0.56823        0.00003        0.60102        0.00005        0.60130        0.00006
460.0        0.56815        0.00003        0.60129        0.00006        0.60133        0.00006
460.5        0.56834        0.00003        0.60098        0.00006        0.60112        0.00005
461.0        0.56834        0.00003        0.60109        0.00006        0.60108        0.00006
461.5        0.56841        0.00003        0.60123        0.00006        0.60074        0.00006
462.0        0.56833        0.00003        0.60108        0.00005        0.60123        0.00006
462.5        0.56843        0.00003        0.60115        0.00006        0.60103        0.00006
463.0        0.56830        0.00003        0.60132        0.00006        0.60121        0.00006
463.5        0.56827        0.00003        0.60135        0.00005        0.60108        0.00005
464.0        0.56832        0.00003        0.60119        0.00005        0.60120        0.00006
464.5        0.56828        0.00003        0.60116        0.00006        0.60142        0.00006
465.0        0.56843        0.00003        0.60113        0.00005        0.60120        0.00006
465.5        0.56845        0.00003        0.60117        0.00005        0.60110        0.00005
466.0        0.56835        0.00003        0.60132        0.00006        0.60130        0.00006
466.5        0.56840        0.00003        0.60128        0.00006        0.60128        0.00005
467.0        0.56837        0.00003        0.60134        0.00006        0.60111        0.00006
467.5        0.56837        0.00003        0.60105        0.00005        0.60151        0.00006
468.0        0.56838        0.00003        0.60120        0.00006        0.60124        0.00005
468.5        0.56840        0.00003        0.60130        0.00006        0.60123        0.00006
469.0        0.56844        0.00003        0.60117        0.00006        0.60115        0.00006
469.5        0.56846        0.00003        0.60127        0.00005        0.60128        0.00005
470.0        0.56841        0.00003        0.60144        0.00005        0.60117        0.00006
470.5        0.56839        0.00003        0.60132        0.00005        0.60132        0.00005
471.0        0.56842        0.00003        0.60119        0.00006        0.60128        0.00006
471.5        0.56847        0.00003        0.60131        0.00005        0.60135        0.00005
472.0        0.56852        0.00003        0.60130        0.00005        0.60116        0.00006
472.5        0.56853        0.00003        0.60131        0.00005        0.60131        0.00005
473.0        0.56845        0.00003        0.60144        0.00005        0.60133        0.00006
473.5        0.56852        0.00003        0.60123        0.00006        0.60160        0.00006
474.0        0.56846        0.00003        0.60123        0.00006        0.60149        0.00005
474.5        0.56847        0.00003        0.60147        0.00005        0.60139        0.00005
475.0        0.56848        0.00003        0.60156        0.00006        0.60135        0.00006
475.5        0.56849        0.00003        0.60143        0.00006        0.60130        0.00006
476.0        0.56835        0.00003        0.60159        0.00005        0.60117        0.00006
476.5        0.56842        0.00003        0.60138        0.00005        0.60154        0.00005
477.0        0.56846        0.00003        0.60134        0.00005        0.60147        0.00005
477.5        0.56856        0.00003        0.60115        0.00005        0.60158        0.00005
478.0        0.56854        0.00003        0.60124        0.00005        0.60142        0.00006
478.5        0.56849        0.00003        0.60144        0.00006        0.60162        0.00006
479.0        0.56853        0.00003        0.60147        0.00005        0.60127        0.00005
479.5        0.56862        0.00003        0.60153        0.00006        0.60138        0.00006
480.0        0.56851        0.00003        0.60151        0.00005        0.60145        0.00006
480.5        0.56850        0.00003        0.60159        0.00006        0.60149        0.00006
481.0        0.56855        0.00003        0.60151        0.00006        0.60151        0.00005
481.5        0.56857        0.00003        0.60175        0.00006        0.60136        0.00006
482.0        0.56851        0.00003        0.60178        0.00006        0.60129        0.00005
482.5        0.56852        0.00003        0.60135        0.00006        0.60164        0.00005
483.0        0.56865        0.00003        0.60151        0.00006        0.60155        0.00006
483.5        0.56863        0.00003        0.60150        0.00005        0.60159        0.00005
484.0        0.56865        0.00003        0.60177        0.00006        0.60143        0.00005
484.5        0.56855        0.00003        0.60160        0.00006        0.60167        0.00006
485.0        0.56861        0.00003        0.60154        0.00006        0.60161        0.00005
485.5        0.56858        0.00003        0.60161        0.00005        0.60162        0.00005
486.0        0.56855        0.00003        0.60149        0.00005        0.60164        0.00006
486.5        0.56859        0.00003        0.60165        0.00005        0.60162        0.00005
487.0        0.56863        0.00003        0.60157        0.00006        0.60171        0.00005
487.5        0.56875        0.00003        0.60152        0.00006        0.60142        0.00005
488.0        0.56867        0.00003        0.60165        0.00006        0.60155        0.00006
488.5        0.56851        0.00003        0.60177        0.00005        0.60163        0.00006
489.0        0.56873        0.00003        0.60152        0.00006        0.60140        0.00006
489.5        0.56867        0.00003        0.60170        0.00006        0.60173        0.00006
490.0        0.56874        0.00003        0.60168        0.00006        0.60149        0.00006
490.5        0.56856        0.00003        0.60179        0.00006        0.60169        0.00005
491.0        0.56871        0.00003        0.60151        0.00005        0.60171        0.00006
491.5        0.56872        0.00003        0.60169        0.00006        0.60164        0.00006
492.0        0.56858        0.00003        0.60183        0.00006        0.60194        0.00006
492.5        0.56867        0.00003        0.60178        0.00006        0.60181        0.00006
493.0        0.56873        0.00003        0.60174        0.00006        0.60168        0.00006
493.5        0.56858        0.00003        0.60174        0.00006        0.60172        0.00005
494.0        0.56873        0.00003        0.60164        0.00006        0.60178        0.00006
494.5        0.56879        0.00003        0.60194        0.00006        0.60159        0.00006
495.0        0.56877        0.00003        0.60174        0.00005        0.60161        0.00005
495.5        0.56871        0.00003        0.60178        0.00005        0.60179        0.00006
496.0        0.56862        0.00003        0.60202        0.00006        0.60194        0.00006
496.5        0.56881        0.00003        0.60175        0.00005        0.60155        0.00006
497.0        0.56869        0.00003        0.60180        0.00006        0.60168        0.00006
497.5        0.56881        0.00003        0.60170        0.00005        0.60177        0.00005
498.0        0.56879        0.00003        0.60161        0.00006        0.60187        0.00006
498.5        0.56877        0.00003        0.60191        0.00006        0.60190        0.00006
499.0        0.56875        0.00003        0.60188        0.00006        0.60199        0.00006
499.5        0.56866        0.00003        0.60187        0.00006        0.60203        0.00006
500.0        0.56877        0.00003        0.60173        0.00005        0.60169        0.00005
500.5        0.56875        0.00003        0.60185        0.00006        0.60199        0.00005
501.0        0.56875        0.00003        0.60205        0.00006        0.60190        0.00006
501.5        0.56879        0.00003        0.60211        0.00005        0.60179        0.00006
502.0        0.56878        0.00003        0.60205        0.00006        0.60179        0.00006
502.5        0.56876        0.00003        0.60201        0.00006        0.60169        0.00005
503.0        0.56879        0.00003        0.60191        0.00005        0.60188        0.00006
503.5        0.56883        0.00003        0.60204        0.00006        0.60182        0.00006
504.0        0.56887        0.00003        0.60182        0.00006        0.60187        0.00006
504.5        0.56889        0.00003        0.60160        0.00006        0.60211        0.00006
505.0        0.56893        0.00003        0.60171        0.00005        0.60193        0.00006
505.5        0.56865        0.00003        0.60213        0.00006        0.60219        0.00006
506.0        0.56889        0.00003        0.60200        0.00006        0.60203        0.00006
506.5        0.56893        0.00003        0.60178        0.00005        0.60216        0.00006
507.0        0.56885        0.00003        0.60195        0.00006        0.60192        0.00006
507.5        0.56891        0.00003        0.60182        0.00005        0.60198        0.00006
508.0        0.56884        0.00003        0.60210        0.00006        0.60195        0.00006
508.5        0.56896        0.00003        0.60211        0.00006        0.60181        0.00006
509.0        0.56898        0.00003        0.60213        0.00005        0.60191        0.00005
509.5        0.56886        0.00003        0.60220        0.00006        0.60207        0.00006
510.0        0.56907        0.00003        0.60193        0.00006        0.60185        0.00006
510.5        0.56878        0.00003        0.60191        0.00006        0.60221        0.00006
511.0        0.56891        0.00003        0.60214        0.00005        0.60213        0.00006
511.5        0.56879        0.00003        0.60209        0.00006        0.60218        0.00005
512.0        0.56885        0.00003        0.60214        0.00005        0.60201        0.00006
512.5        0.56881        0.00003        0.60220        0.00005        0.60232        0.00006
513.0        0.56890        0.00003        0.60226        0.00006        0.60211        0.00006
513.5        0.56911        0.00003        0.60186        0.00006        0.60203        0.00005
514.0        0.56903        0.00003        0.60219        0.00005        0.60193        0.00006
514.5        0.56896        0.00003        0.60198        0.00006        0.60216        0.00006
515.0        0.56905        0.00003        0.60198        0.00006        0.60193        0.00006
515.5        0.56891        0.00003        0.60220        0.00006        0.60226        0.00006
516.0        0.56903        0.00003        0.60200        0.00006        0.60218        0.00006
516.5        0.56899        0.00003        0.60206        0.00006        0.60222        0.00006
517.0        0.56902        0.00003        0.60222        0.00006        0.60211        0.00006
517.5        0.56895        0.00003        0.60225        0.00006        0.60225        0.00006
518.0        0.56891        0.00003        0.60219        0.00006        0.60218        0.00005
518.5        0.56900        0.00003        0.60209        0.00006        0.60226        0.00006
519.0        0.56892        0.00003        0.60205        0.00006        0.60238        0.00006
519.5        0.56908        0.00003        0.60231        0.00005        0.60204        0.00006
