 20.00      0.5367380      0.0000288      0.6833960      0.0000604      0.6378824      0.0000573
 20.50      0.5366580      0.0000288      0.6832072      0.0000605      0.6378378      0.0000572
 21.00      0.5367886      0.0000288      0.6832156      0.0000604      0.6378502      0.0000571
 21.50      0.5368147      0.0000288      0.6831851      0.0000608      0.6380162      0.0000573
 22.00      0.5365842      0.0000289      0.6835602      0.0000608      0.6383262      0.0000576
 22.50      0.5363749      0.0000288      0.6834264      0.0000603      0.6382874      0.0000573
 23.00      0.5365411      0.0000288      0.6831068      0.0000601      0.6383098      0.0000571
 23.50      0.5363161      0.0000288      0.6836863      0.0000601      0.6387142      0.0000572
 24.00      0.5365901      0.0000288      0.6833055      0.0000602      0.6384182      0.0000573
 24.50      0.5364511      0.0000286      0.6834999      0.0000601      0.6386186      0.0000572
 25.00      0.5365884      0.0000288      0.6831722      0.0000600      0.6388452      0.0000573
 25.50      0.5366201      0.0000287      0.6833780      0.0000598      0.6387379      0.0000575
 26.00      0.5363344      0.0000289      0.6834768      0.0000605      0.6391893      0.0000571
 26.50      0.5363956      0.0000289      0.6833221      0.0000601      0.6388824      0.0000573
 27.00      0.5363985      0.0000286      0.6834991      0.0000605      0.6387255      0.0000571
 27.50      0.5362046      0.0000290      0.6835975      0.0000608      0.6390807      0.0000568
 28.00      0.5362423      0.0000289      0.6836555      0.0000610      0.6392909      0.0000571
 28.50      0.5362759      0.0000287      0.6834043      0.0000602      0.6392203      0.0000576
 29.00      0.5360800      0.0000289      0.6836527      0.0000604      0.6394676      0.0000571
 29.50      0.5361050      0.0000286      0.6837991      0.0000605      0.6394855      0.0000570
 30.00      0.5362415      0.0000289      0.6837812      0.0000605      0.6393558      0.0000573
 30.50      0.5360482      0.0000287      0.6836003      0.0000608      0.6395054      0.0000572
 31.00      0.5360646      0.0000289      0.6836578      0.0000608      0.6396633      0.0000571
 31.50      0.5360869      0.0000288      0.6835244      0.0000599      0.6398172      0.0000575
 32.00      0.5359008      0.0000289      0.6839632      0.0000606      0.6398105      0.0000572
 32.50      0.5360520      0.0000289      0.6836661      0.0000606      0.6398164      0.0000571
 33.00      0.5360377      0.0000286      0.6839284      0.0000601      0.6397135      0.0000567
 33.50      0.5358177      0.0000287      0.6839908      0.0000603      0.6401526      0.0000569
 34.00      0.5360978      0.0000288      0.6835817      0.0000604      0.6402548      0.0000571
 34.50      0.5359025      0.0000287      0.6837507      0.0000605      0.6400317      0.0000576
 35.00      0.5357140      0.0000289      0.6838724      0.0000604      0.6402506      0.0000572
 35.50      0.5357193      0.0000289      0.6838569      0.0000602      0.6404358      0.0000574
 36.00      0.5356587      0.0000288      0.6841054      0.0000603      0.6405812      0.0000569
 36.50      0.5357875      0.0000292      0.6839406      0.0000606      0.6404540      0.0000578
 37.00      0.5356607      0.0000288      0.6839378      0.0000604      0.6404245      0.0000571
 37.50      0.5357306      0.0000290      0.6837560      0.0000597      0.6405648      0.0000574
 38.00      0.5356539      0.0000289      0.6840178      0.0000612      0.6410015      0.0000573
 38.50      0.5356206      0.0000289      0.6836836      0.0000605      0.6409844      0.0000573
 39.00      0.5354753      0.0000289      0.6840331      0.0000604      0.6408763      0.0000567
 39.50      0.5355469      0.0000289      0.6841185      0.0000603      0.6410526      0.0000572
 40.00      0.5356845      0.0000283      0.6840322      0.0000606      0.6409179      0.0000571
 40.50      0.5355783      0.0000289      0.6837427      0.0000607      0.6414651      0.0000573
 41.00      0.5353811      0.0000288      0.6841593      0.0000599      0.6415284      0.0000573
 41.50      0.5354149      0.0000288      0.6839989      0.0000604      0.6412643      0.0000570
 42.00      0.5354275      0.0000288      0.6840706      0.0000602      0.6413204      0.0000571
 42.50      0.5353340      0.0000288      0.6838893      0.0000605      0.6417145      0.0000571
 43.00      0.5353426      0.0000287      0.6841079      0.0000596      0.6415520      0.0000572
 43.50      0.5352070      0.0000289      0.6840212      0.0000603      0.6414963      0.0000574
 44.00      0.5352819      0.0000289      0.6842502      0.0000600      0.6417286      0.0000573
 44.50      0.5351015      0.0000287      0.6844588      0.0000605      0.6420080      0.0000569
 45.00      0.5352844      0.0000287      0.6844039      0.0000606      0.6418367      0.0000570
 45.50      0.5350822      0.0000287      0.6845433      0.0000598      0.6419053      0.0000572
 46.00      0.5351677      0.0000290      0.6843950      0.0000605      0.6420301      0.0000574
 46.50      0.5351186      0.0000290      0.6842212      0.0000607      0.6420206      0.0000575
 47.00      0.5350041      0.0000289      0.6847204      0.0000604      0.6421781      0.0000577
 47.50      0.5350525      0.0000291      0.6843156      0.0000607      0.6421353      0.0000574
 48.00      0.5350106      0.0000288      0.6845025      0.0000600      0.6421962      0.0000576
 48.50      0.5351118      0.0000290      0.6842573      0.0000604      0.6423076      0.0000575
 49.00      0.5348388      0.0000292      0.6844567      0.0000607      0.6426261      0.0000577
 49.50      0.5349753      0.0000290      0.6848448      0.0000607      0.6423093      0.0000579
 50.00      0.5348362      0.0000291      0.6844287      0.0000608      0.6425749      0.0000576
 50.50      0.5348345      0.0000290      0.6846623      0.0000606      0.6428495      0.0000573
 51.00      0.5349079      0.0000287      0.6845629      0.0000601      0.6428259      0.0000575
 51.50      0.5348295      0.0000290      0.6844170      0.0000602      0.6430017      0.0000577
 52.00      0.5347910      0.0000287      0.6846360      0.0000605      0.6429397      0.0000573
 52.50      0.5346612      0.0000291      0.6846977      0.0000605      0.6429857      0.0000575
 53.00      0.5347130      0.0000290      0.6843342      0.0000605      0.6432632      0.0000573
 53.50      0.5347258      0.0000288      0.6844480      0.0000605      0.6431307      0.0000574
 54.00      0.5345488      0.0000289      0.6847223      0.0000602      0.6434120      0.0000574
 54.50      0.5346292      0.0000292      0.6843624      0.0000603      0.6432578      0.0000577
 55.00      0.5345603      0.0000290      0.6845247      0.0000607      0.6436258      0.0000576
 55.50      0.5344545      0.0000291      0.6848373      0.0000604      0.6434614      0.0000576
 56.00      0.5344772      0.0000291      0.6850119      0.0000608      0.6437051      0.0000577
 56.50      0.5343104      0.0000292      0.6849192      0.0000605      0.6436468      0.0000580
 57.00      0.5345214      0.0000289      0.6849573      0.0000603      0.6436519      0.0000574
 57.50      0.5345220      0.0000289      0.6846548      0.0000600      0.6437456      0.0000575
 58.00      0.5344162      0.0000289      0.6847390      0.0000604      0.6440413      0.0000575
 58.50      0.5343805      0.0000290      0.6847611      0.0000603      0.6440121      0.0000575
 59.00      0.5343513      0.0000291      0.6846863      0.0000605      0.6441914      0.0000574
 59.50      0.5343889      0.0000292      0.6848015      0.0000602      0.6439259      0.0000579
 60.00      0.5343109      0.0000290      0.6846276      0.0000607      0.6442430      0.0000575
 60.50      0.5342453      0.0000288      0.6847933      0.0000605      0.6442728      0.0000571
 61.00      0.5341767      0.0000291      0.6850361      0.0000606      0.6442331      0.0000572
 61.50      0.5343208      0.0000287      0.6848134      0.0000603      0.6443397      0.0000570
 62.00      0.5340203      0.0000289      0.6852428      0.0000605      0.6445570      0.0000576
 62.50      0.5341015      0.0000289      0.6848261      0.0000602      0.6444673      0.0000573
 63.00      0.5340081      0.0000289      0.6854147      0.0000605      0.6445854      0.0000576
 63.50      0.5341129      0.0000288      0.6849594      0.0000601      0.6445180      0.0000576
 64.00      0.5340852      0.0000290      0.6850784      0.0000606      0.6446729      0.0000575
 64.50      0.5339662      0.0000291      0.6851807      0.0000601      0.6447664      0.0000577
 65.00      0.5339298      0.0000290      0.6853433      0.0000608      0.6449588      0.0000573
 65.50      0.5339323      0.0000292      0.6850629      0.0000603      0.6451781      0.0000574
 66.00      0.5339413      0.0000289      0.6848967      0.0000602      0.6451229      0.0000576
 66.50      0.5336197      0.0000290      0.6854420      0.0000602      0.6455589      0.0000574
 67.00      0.5337200      0.0000288      0.6853029      0.0000603      0.6453916      0.0000573
 67.50      0.5337364      0.0000290      0.6853000      0.0000602      0.6455311      0.0000575
 68.00      0.5337829      0.0000290      0.6851202      0.0000605      0.6451759      0.0000574
 68.50      0.5336912      0.0000288      0.6854631      0.0000603      0.6454393      0.0000580
 69.00      0.5337165      0.0000287      0.6853107      0.0000603      0.6455335      0.0000573
 69.50      0.5335446      0.0000288      0.6854441      0.0000605      0.6459010      0.0000577
 70.00      0.5337460      0.0000289      0.6853224      0.0000600      0.6457039      0.0000573
 70.50      0.5334896      0.0000289      0.6854459      0.0000599      0.6458987      0.0000573
 71.00      0.5334789      0.0000289      0.6856165      0.0000604      0.6461803      0.0000579
 71.50      0.5334530      0.0000290      0.6854826      0.0000602      0.6460660      0.0000577
 72.00      0.5335710      0.0000288      0.6857022      0.0000604      0.6460194      0.0000574
 72.50      0.5335639      0.0000290      0.6853084      0.0000605      0.6461906      0.0000571
 73.00      0.5335092      0.0000290      0.6854172      0.0000602      0.6461910      0.0000576
 73.50      0.5333008      0.0000289      0.6858119      0.0000608      0.6463632      0.0000573
 74.00      0.5334796      0.0000290      0.6858045      0.0000601      0.6461878      0.0000576
 74.50      0.5334164      0.0000292      0.6853496      0.0000603      0.6464747      0.0000576
 75.00      0.5332168      0.0000288      0.6857113      0.0000603      0.6467921      0.0000577
 75.50      0.5333330      0.0000292      0.6856566      0.0000603      0.6465909      0.0000577
 76.00      0.5331783      0.0000291      0.6858754      0.0000600      0.6469882      0.0000576
 76.50      0.5332427      0.0000292      0.6856910      0.0000604      0.6466251      0.0000577
 77.00      0.5331738      0.0000292      0.6856215      0.0000604      0.6467034      0.0000577
 77.50      0.5331914      0.0000291      0.6856695      0.0000603      0.6471470      0.0000574
 78.00      0.5330063      0.0000291      0.6857170      0.0000604      0.6471466      0.0000577
 78.50      0.5331602      0.0000291      0.6857715      0.0000604      0.6471768      0.0000573
 79.00      0.5329521      0.0000293      0.6857387      0.0000605      0.6474956      0.0000584
 79.50      0.5329901      0.0000290      0.6857602      0.0000602      0.6470746      0.0000578
 80.00      0.5330030      0.0000291      0.6859525      0.0000600      0.6471677      0.0000572
 80.50      0.5328008      0.0000289      0.6861815      0.0000604      0.6475762      0.0000574
 81.00      0.5328457      0.0000292      0.6856839      0.0000607      0.6476313      0.0000575
 81.50      0.5329958      0.0000291      0.6854469      0.0000596      0.6475027      0.0000574
 82.00      0.5330027      0.0000291      0.6857861      0.0000609      0.6476264      0.0000580
 82.50      0.5328271      0.0000290      0.6858924      0.0000604      0.6477573      0.0000577
 83.00      0.5329519      0.0000288      0.6861237      0.0000604      0.6476750      0.0000579
 83.50      0.5328043      0.0000291      0.6860392      0.0000603      0.6479795      0.0000575
 84.00      0.5326363      0.0000291      0.6858867      0.0000607      0.6481448      0.0000575
 84.50      0.5327680      0.0000291      0.6859229      0.0000602      0.6480713      0.0000575
 85.00      0.5326662      0.0000290      0.6859879      0.0000602      0.6478405      0.0000579
 85.50      0.5325902      0.0000289      0.6860592      0.0000607      0.6483292      0.0000572
 86.00      0.5324198      0.0000293      0.6862928      0.0000606      0.6482597      0.0000578
 86.50      0.5325569      0.0000290      0.6861860      0.0000599      0.6485348      0.0000576
 87.00      0.5327710      0.0000290      0.6862047      0.0000602      0.6483146      0.0000573
 87.50      0.5324794      0.0000293      0.6861483      0.0000604      0.6484367      0.0000575
 88.00      0.5326617      0.0000293      0.6859187      0.0000607      0.6484172      0.0000577
 88.50      0.5324359      0.0000291      0.6863010      0.0000604      0.6483702      0.0000577
 89.00      0.5325446      0.0000293      0.6862801      0.0000602      0.6485604      0.0000576
 89.50      0.5324038      0.0000291      0.6863318      0.0000604      0.6489528      0.0000576
 90.00      0.5322903      0.0000292      0.6863286      0.0000603      0.6487880      0.0000579
 90.50      0.5323797      0.0000292      0.6864260      0.0000608      0.6488141      0.0000580
 91.00      0.5324251      0.0000292      0.6863999      0.0000604      0.6489233      0.0000578
 91.50      0.5322392      0.0000288      0.6863842      0.0000596      0.6491734      0.0000575
 92.00      0.5322498      0.0000290      0.6860651      0.0000606      0.6492841      0.0000580
 92.50      0.5320916      0.0000291      0.6863988      0.0000606      0.6494390      0.0000576
 93.00      0.5319852      0.0000290      0.6867559      0.0000604      0.6495860      0.0000574
 93.50      0.5321837      0.0000293      0.6863934      0.0000606      0.6494651      0.0000575
 94.00      0.5322152      0.0000293      0.6865432      0.0000604      0.6495149      0.0000579
 94.50      0.5321448      0.0000291      0.6864683      0.0000602      0.6492841      0.0000582
 95.00      0.5320224      0.0000290      0.6866930      0.0000602      0.6496404      0.0000576
 95.50      0.5320643      0.0000292      0.6865824      0.0000604      0.6496627      0.0000578
 96.00      0.5319910      0.0000293      0.6862231      0.0000598      0.6497511      0.0000583
 96.50      0.5320231      0.0000295      0.6866507      0.0000603      0.6497561      0.0000581
 97.00      0.5319019      0.0000290      0.6863692      0.0000601      0.6499648      0.0000576
 97.50      0.5318733      0.0000292      0.6868415      0.0000604      0.6500219      0.0000576
 98.00      0.5318689      0.0000291      0.6867719      0.0000607      0.6501529      0.0000578
 98.50      0.5317740      0.0000293      0.6866109      0.0000607      0.6503146      0.0000578
 99.00      0.5319416      0.0000289      0.6864281      0.0000598      0.6502054      0.0000578
 99.50      0.5317429      0.0000290      0.6871668      0.0000608      0.6504002      0.0000575
100.00      0.5317076      0.0000289      0.6866531      0.0000600      0.6504818      0.0000579
100.50      0.5316805      0.0000289      0.6867424      0.0000605      0.6503694      0.0000576
101.00      0.5318469      0.0000294      0.6863855      0.0000601      0.6505566      0.0000580
101.50      0.5318023      0.0000291      0.6867548      0.0000606      0.6506098      0.0000576
102.00      0.5316668      0.0000289      0.6869405      0.0000599      0.6503854      0.0000576
102.50      0.5314626      0.0000290      0.6869405      0.0000605      0.6507852      0.0000575
103.00      0.5314479      0.0000292      0.6869319      0.0000606      0.6511176      0.0000579
103.50      0.5315235      0.0000293      0.6871036      0.0000603      0.6509594      0.0000581
104.00      0.5313503      0.0000290      0.6868532      0.0000602      0.6512607      0.0000580
104.50      0.5314682      0.0000290      0.6869416      0.0000602      0.6510537      0.0000578
105.00      0.5314176      0.0000294      0.6871259      0.0000604      0.6513247      0.0000583
105.50      0.5315177      0.0000293      0.6869796      0.0000605      0.6513608      0.0000577
106.00      0.5313060      0.0000292      0.6870040      0.0000606      0.6516258      0.0000581
106.50      0.5312821      0.0000292      0.6870563      0.0000603      0.6511643      0.0000576
107.00      0.5314476      0.0000292      0.6869109      0.0000601      0.6512685      0.0000581
107.50      0.5312592      0.0000291      0.6870224      0.0000601      0.6514854      0.0000578
108.00      0.5312590      0.0000293      0.6870870      0.0000604      0.6515665      0.0000578
108.50      0.5312793      0.0000293      0.6869702      0.0000602      0.6517363      0.0000582
109.00      0.5315189      0.0000291      0.6867865      0.0000601      0.6516789      0.0000575
109.50      0.5312806      0.0000293      0.6869417      0.0000602      0.6518862      0.0000580
110.00      0.5312971      0.0000290      0.6866744      0.0000606      0.6518297      0.0000581
110.50      0.5311542      0.0000289      0.6871621      0.0000602      0.6519985      0.0000579
111.00      0.5309406      0.0000292      0.6876052      0.0000604      0.6522825      0.0000580
111.50      0.5311294      0.0000292      0.6872481      0.0000605      0.6520287      0.0000575
112.00      0.5310049      0.0000290      0.6872734      0.0000600      0.6526180      0.0000577
112.50      0.5309237      0.0000291      0.6872639      0.0000604      0.6523939      0.0000575
113.00      0.5308893      0.0000289      0.6871628      0.0000604      0.6527208      0.0000578
113.50      0.5309694      0.0000293      0.6873845      0.0000608      0.6526858      0.0000577
114.00      0.5310250      0.0000291      0.6873767      0.0000600      0.6523698      0.0000582
114.50      0.5309042      0.0000291      0.6876824      0.0000608      0.6526354      0.0000578
115.00      0.5306819      0.0000295      0.6873806      0.0000604      0.6528536      0.0000582
115.50      0.5306966      0.0000294      0.6876938      0.0000605      0.6529756      0.0000580
116.00      0.5307202      0.0000291      0.6873512      0.0000604      0.6531203      0.0000574
116.50      0.5305679      0.0000293      0.6872948      0.0000600      0.6531223      0.0000581
117.00      0.5305930      0.0000293      0.6875759      0.0000603      0.6532973      0.0000582
117.50      0.5305251      0.0000291      0.6875771      0.0000604      0.6534053      0.0000579
118.00      0.5306717      0.0000293      0.6876031      0.0000604      0.6533104      0.0000581
118.50      0.5304886      0.0000292      0.6876075      0.0000601      0.6534281      0.0000575
119.00      0.5304325      0.0000293      0.6877214      0.0000604      0.6536459      0.0000579
119.50      0.5304698      0.0000291      0.6877649      0.0000601      0.6537704      0.0000578
120.00      0.5302918      0.0000294      0.6876211      0.0000604      0.6537332      0.0000582
120.50      0.5304056      0.0000292      0.6876480      0.0000602      0.6538830      0.0000578
121.00      0.5304364      0.0000291      0.6874366      0.0000607      0.6539081      0.0000577
121.50      0.5303845      0.0000290      0.6877637      0.0000604      0.6538773      0.0000578
122.00      0.5302065      0.0000290      0.6878743      0.0000603      0.6540960      0.0000579
122.50      0.5304204      0.0000292      0.6875033      0.0000602      0.6539669      0.0000582
123.00      0.5302339      0.0000293      0.6878085      0.0000605      0.6539860      0.0000577
123.50      0.5300956      0.0000293      0.6878260      0.0000606      0.6544092      0.0000580
124.00      0.5301466      0.0000295      0.6877329      0.0000600      0.6540969      0.0000578
124.50      0.5300881      0.0000292      0.6879088      0.0000605      0.6544362      0.0000575
125.00      0.5303118      0.0000292      0.6876172      0.0000602      0.6542080      0.0000580
125.50      0.5300596      0.0000293      0.6878871      0.0000605      0.6544772      0.0000583
126.00      0.5300357      0.0000293      0.6879105      0.0000602      0.6545938      0.0000584
126.50      0.5300783      0.0000293      0.6879506      0.0000604      0.6546790      0.0000579
127.00      0.5298988      0.0000294      0.6879880      0.0000605      0.6547700      0.0000579
127.50      0.5299662      0.0000294      0.6880506      0.0000603      0.6549589      0.0000582
128.00      0.5300595      0.0000291      0.6877559      0.0000606      0.6549323      0.0000578
128.50      0.5298434      0.0000291      0.6878677      0.0000604      0.6548420      0.0000579
129.00      0.5297173      0.0000295      0.6880338      0.0000605      0.6552508      0.0000582
129.50      0.5298200      0.0000291      0.6875662      0.0000602      0.6555158      0.0000580
130.00      0.5296885      0.0000292      0.6881939      0.0000602      0.6555701      0.0000579
130.50      0.5298641      0.0000290      0.6881660      0.0000602      0.6550922      0.0000581
131.00      0.5295382      0.0000293      0.6882875      0.0000601      0.6556171      0.0000579
131.50      0.5296979      0.0000293      0.6881841      0.0000604      0.6553108      0.0000577
132.00      0.5295828      0.0000292      0.6883166      0.0000602      0.6556455      0.0000583
132.50      0.5296036      0.0000292      0.6881547      0.0000600      0.6557728      0.0000579
133.00      0.5297176      0.0000290      0.6881088      0.0000602      0.6558872      0.0000581
133.50      0.5297198      0.0000293      0.6878830      0.0000602      0.6555885      0.0000581
134.00      0.5294397      0.0000295      0.6882717      0.0000601      0.6560702      0.0000579
134.50      0.5293550      0.0000295      0.6884580      0.0000599      0.6560185      0.0000580
135.00      0.5294249      0.0000291      0.6882512      0.0000602      0.6562667      0.0000581
135.50      0.5296317      0.0000294      0.6878819      0.0000606      0.6559208      0.0000583
136.00      0.5294152      0.0000293      0.6885460      0.0000603      0.6561532      0.0000581
136.50      0.5294397      0.0000293      0.6881861      0.0000602      0.6562211      0.0000576
137.00      0.5292206      0.0000295      0.6884458      0.0000607      0.6566706      0.0000582
137.50      0.5292760      0.0000293      0.6885871      0.0000603      0.6564122      0.0000581
138.00      0.5292374      0.0000293      0.6883318      0.0000602      0.6567952      0.0000583
138.50      0.5291507      0.0000294      0.6883720      0.0000599      0.6566810      0.0000579
139.00      0.5292911      0.0000294      0.6882727      0.0000601      0.6565031      0.0000579
139.50      0.5290176      0.0000294      0.6886800      0.0000604      0.6569432      0.0000581
140.00      0.5290265      0.0000290      0.6885025      0.0000605      0.6568760      0.0000582
140.50      0.5289723      0.0000295      0.6887664      0.0000607      0.6570279      0.0000583
141.00      0.5290191      0.0000293      0.6887662      0.0000602      0.6567737      0.0000581
141.50      0.5290416      0.0000293      0.6886011      0.0000607      0.6571227      0.0000583
142.00      0.5290669      0.0000294      0.6884384      0.0000601      0.6569031      0.0000581
142.50      0.5290719      0.0000293      0.6886941      0.0000602      0.6569387      0.0000579
143.00      0.5289562      0.0000293      0.6885734      0.0000602      0.6571633      0.0000578
143.50      0.5289643      0.0000292      0.6887055      0.0000602      0.6574188      0.0000578
144.00      0.5290628      0.0000295      0.6885733      0.0000603      0.6572958      0.0000580
144.50      0.5288106      0.0000294      0.6888432      0.0000604      0.6577251      0.0000582
145.00      0.5288330      0.0000293      0.6886625      0.0000605      0.6577406      0.0000581
145.50      0.5287207      0.0000293      0.6885602      0.0000601      0.6576465      0.0000580
146.00      0.5288712      0.0000295      0.6885772      0.0000605      0.6577025      0.0000584
146.50      0.5286839      0.0000295      0.6889634      0.0000602      0.6579541      0.0000581
147.00      0.5286143      0.0000293      0.6889147      0.0000604      0.6580055      0.0000581
147.50      0.5287363      0.0000292      0.6888831      0.0000604      0.6579031      0.0000580
148.00      0.5287195      0.0000296      0.6889184      0.0000602      0.6578520      0.0000583
148.50      0.5285916      0.0000296      0.6888244      0.0000604      0.6581112      0.0000582
149.00      0.5286034      0.0000292      0.6888286      0.0000604      0.6581249      0.0000582
149.50      0.5283325      0.0000295      0.6891746      0.0000599      0.6585292      0.0000580
150.00      0.5284821      0.0000291      0.6889989      0.0000602      0.6586130      0.0000578
150.50      0.5283785      0.0000293      0.6890037      0.0000603      0.6585878      0.0000585
151.00      0.5283101      0.0000294      0.6890483      0.0000602      0.6587092      0.0000588
151.50      0.5283130      0.0000292      0.6892374      0.0000600      0.6583131      0.0000582
152.00      0.5282643      0.0000295      0.6890530      0.0000601      0.6588495      0.0000584
152.50      0.5283267      0.0000294      0.6890495      0.0000600      0.6584069      0.0000584
153.00      0.5283889      0.0000292      0.6889822      0.0000603      0.6590399      0.0000579
153.50      0.5282729      0.0000295      0.6891004      0.0000600      0.6587391      0.0000584
154.00      0.5281331      0.0000295      0.6893374      0.0000606      0.6590048      0.0000583
154.50      0.5281406      0.0000292      0.6893629      0.0000600      0.6591037      0.0000579
155.00      0.5280376      0.0000294      0.6894282      0.0000601      0.6594536      0.0000585
155.50      0.5280539      0.0000294      0.6890098      0.0000605      0.6594571      0.0000581
156.00      0.5281548      0.0000295      0.6891808      0.0000604      0.6595265      0.0000582
156.50      0.5281776      0.0000296      0.6893915      0.0000605      0.6594413      0.0000581
157.00      0.5281622      0.0000295      0.6896428      0.0000605      0.6592065      0.0000583
157.50      0.5278992      0.0000297      0.6894942      0.0000603      0.6592765      0.0000582
158.00      0.5280490      0.0000293      0.6892957      0.0000599      0.6594380      0.0000581
158.50      0.5280035      0.0000295      0.6891045      0.0000602      0.6596347      0.0000580
159.00      0.5278622      0.0000293      0.6892804      0.0000605      0.6599402      0.0000580
159.50      0.5279156      0.0000292      0.6894266      0.0000601      0.6598482      0.0000582
160.00      0.5278315      0.0000293      0.6891568      0.0000600      0.6601358      0.0000584
160.50      0.5277530      0.0000293      0.6894648      0.0000604      0.6601972      0.0000580
161.00      0.5274222      0.0000294      0.6899222      0.0000602      0.6605244      0.0000582
161.50      0.5275773      0.0000296      0.6896514      0.0000601      0.6605055      0.0000581
162.00      0.5275760      0.0000295      0.6892756      0.0000600      0.6603592      0.0000580
162.50      0.5276936      0.0000294      0.6892409      0.0000602      0.6605074      0.0000579
163.00      0.5277678      0.0000297      0.6896628      0.0000599      0.6603871      0.0000580
163.50      0.5276367      0.0000295      0.6897089      0.0000604      0.6603873      0.0000583
164.00      0.5277231      0.0000296      0.6894335      0.0000601      0.6606111      0.0000583
164.50      0.5275812      0.0000292      0.6897689      0.0000602      0.6607619      0.0000582
165.00      0.5275876      0.0000294      0.6893947      0.0000602      0.6608441      0.0000584
165.50      0.5275191      0.0000295      0.6898735      0.0000603      0.6606596      0.0000577
166.00      0.5274162      0.0000296      0.6894588      0.0000604      0.6610605      0.0000581
166.50      0.5273776      0.0000297      0.6898248      0.0000605      0.6611980      0.0000579
167.00      0.5273540      0.0000293      0.6898092      0.0000601      0.6611869      0.0000584
167.50      0.5272315      0.0000295      0.6898122      0.0000600      0.6613751      0.0000584
168.00      0.5272479      0.0000291      0.6897492      0.0000602      0.6614523      0.0000578
168.50      0.5272845      0.0000295      0.6897328      0.0000603      0.6612358      0.0000582
169.00      0.5272552      0.0000292      0.6897233      0.0000602      0.6615126      0.0000582
169.50      0.5270310      0.0000293      0.6898830      0.0000602      0.6617466      0.0000585
170.00      0.5270873      0.0000294      0.6898456      0.0000602      0.6616803      0.0000580
170.50      0.5269876      0.0000294      0.6899012      0.0000601      0.6617921      0.0000580
171.00      0.5270135      0.0000294      0.6899029      0.0000602      0.6618743      0.0000583
171.50      0.5270913      0.0000294      0.6897143      0.0000604      0.6618281      0.0000584
172.00      0.5269855      0.0000294      0.6898597      0.0000604      0.6619363      0.0000587
172.50      0.5269516      0.0000292      0.6904190      0.0000597      0.6622276      0.0000584
173.00      0.5268604      0.0000292      0.6904624      0.0000601      0.6618072      0.0000580
173.50      0.5269770      0.0000295      0.6897745      0.0000605      0.6623896      0.0000581
174.00      0.5267353      0.0000297      0.6903498      0.0000601      0.6623244      0.0000582
174.50      0.5268645      0.0000295      0.6900086      0.0000598      0.6623491      0.0000583
175.00      0.5266898      0.0000294      0.6905377      0.0000603      0.6623608      0.0000578
175.50      0.5267652      0.0000296      0.6902804      0.0000603      0.6626013      0.0000583
176.00      0.5266768      0.0000292      0.6902411      0.0000602      0.6625652      0.0000583
176.50      0.5266401      0.0000293      0.6905028      0.0000602      0.6627232      0.0000584
177.00      0.5266278      0.0000293      0.6901914      0.0000599      0.6629988      0.0000585
177.50      0.5266487      0.0000294      0.6903832      0.0000598      0.6626959      0.0000583
178.00      0.5266170      0.0000297      0.6901757      0.0000602      0.6629753      0.0000586
178.50      0.5265732      0.0000295      0.6901272      0.0000603      0.6631029      0.0000583
179.00      0.5265901      0.0000294      0.6900252      0.0000600      0.6628569      0.0000581
179.50      0.5263801      0.0000293      0.6904277      0.0000600      0.6631381      0.0000585
180.00      0.5267039      0.0000293      0.6902786      0.0000605      0.6630641      0.0000581
180.50      0.5263669      0.0000295      0.6903276      0.0000599      0.6634461      0.0000587
181.00      0.5263164      0.0000296      0.6903690      0.0000602      0.6633175      0.0000583
181.50      0.5262615      0.0000297      0.6909006      0.0000602      0.6634543      0.0000586
182.00      0.5263180      0.0000296      0.6905247      0.0000602      0.6633549      0.0000582
182.50      0.5265562      0.0000294      0.6899305      0.0000605      0.6634435      0.0000576
183.00      0.5262420      0.0000294      0.6907798      0.0000601      0.6635697      0.0000580
183.50      0.5263032      0.0000295      0.6907393      0.0000601      0.6637264      0.0000583
184.00      0.5261088      0.0000295      0.6904224      0.0000601      0.6638423      0.0000581
184.50      0.5262217      0.0000296      0.6905987      0.0000606      0.6640757      0.0000581
185.00      0.5260327      0.0000294      0.6906563      0.0000598      0.6641086      0.0000583
185.50      0.5261550      0.0000299      0.6905727      0.0000606      0.6640349      0.0000583
186.00      0.5261663      0.0000297      0.6905575      0.0000603      0.6642505      0.0000585
186.50      0.5260258      0.0000295      0.6906807      0.0000601      0.6644647      0.0000583
187.00      0.5261666      0.0000295      0.6903101      0.0000596      0.6641544      0.0000584
187.50      0.5259756      0.0000298      0.6908916      0.0000604      0.6643985      0.0000587
188.00      0.5259125      0.0000296      0.6907109      0.0000601      0.6644486      0.0000583
188.50      0.5259081      0.0000296      0.6905208      0.0000602      0.6646638      0.0000583
189.00      0.5257850      0.0000294      0.6907067      0.0000601      0.6645871      0.0000583
189.50      0.5257234      0.0000296      0.6909739      0.0000603      0.6649581      0.0000585
190.00      0.5258924      0.0000294      0.6906072      0.0000600      0.6646932      0.0000580
190.50      0.5258101      0.0000295      0.6905598      0.0000602      0.6649918      0.0000584
191.00      0.5257752      0.0000297      0.6909718      0.0000605      0.6649415      0.0000579
191.50      0.5256488      0.0000297      0.6909055      0.0000600      0.6650725      0.0000585
192.00      0.5257168      0.0000294      0.6907166      0.0000601      0.6653404      0.0000582
192.50      0.5255238      0.0000295      0.6908384      0.0000602      0.6653544      0.0000585
193.00      0.5256368      0.0000293      0.6907683      0.0000598      0.6656415      0.0000586
193.50      0.5257336      0.0000295      0.6908746      0.0000604      0.6651189      0.0000584
194.00      0.5253112      0.0000296      0.6911953      0.0000600      0.6658211      0.0000587
194.50      0.5254564      0.0000296      0.6911658      0.0000606      0.6656110      0.0000588
195.00      0.5254815      0.0000294      0.6911428      0.0000600      0.6655001      0.0000582
195.50      0.5253520      0.0000296      0.6909428      0.0000596      0.6655262      0.0000583
196.00      0.5254098      0.0000297      0.6909245      0.0000597      0.6656927      0.0000584
196.50      0.5253970      0.0000301      0.6910234      0.0000601      0.6656068      0.0000584
197.00      0.5254256      0.0000297      0.6908572      0.0000601      0.6660683      0.0000585
197.50      0.5253910      0.0000295      0.6909241      0.0000599      0.6659492      0.0000586
198.00      0.5252190      0.0000297      0.6908936      0.0000602      0.6662481      0.0000586
198.50      0.5250715      0.0000294      0.6913228      0.0000600      0.6663722      0.0000579
199.00      0.5252693      0.0000296      0.6907243      0.0000597      0.6661472      0.0000589
199.50      0.5250815      0.0000294      0.6914622      0.0000602      0.6664428      0.0000589
200.00      0.5250142      0.0000298      0.6913367      0.0000603      0.6663345      0.0000585
200.50      0.5250182      0.0000296      0.6916649      0.0000597      0.6666722      0.0000588
201.00      0.5251329      0.0000296      0.6911602      0.0000601      0.6664608      0.0000583
201.50      0.5249025      0.0000297      0.6913189      0.0000601      0.6666916      0.0000586
202.00      0.5249821      0.0000294      0.6914396      0.0000605      0.6666691      0.0000582
202.50      0.5251034      0.0000295      0.6912698      0.0000601      0.6665447      0.0000585
203.00      0.5250614      0.0000296      0.6910395      0.0000601      0.6670524      0.0000586
203.50      0.5251153      0.0000298      0.6908874      0.0000600      0.6668587      0.0000581
204.00      0.5247032      0.0000296      0.6916948      0.0000601      0.6671198      0.0000586
204.50      0.5246387      0.0000296      0.6916322      0.0000596      0.6671365      0.0000578
205.00      0.5245891      0.0000293      0.6914383      0.0000599      0.6675487      0.0000582
205.50      0.5247256      0.0000296      0.6913366      0.0000597      0.6674610      0.0000586
206.00      0.5246757      0.0000296      0.6917740      0.0000606      0.6673325      0.0000588
206.50      0.5247119      0.0000295      0.6911245      0.0000603      0.6673082      0.0000587
207.00      0.5245660      0.0000295      0.6916981      0.0000602      0.6676205      0.0000585
207.50      0.5245389      0.0000295      0.6916314      0.0000604      0.6679135      0.0000585
208.00      0.5243349      0.0000300      0.6915602      0.0000604      0.6681572      0.0000589
208.50      0.5247207      0.0000297      0.6915939      0.0000605      0.6677304      0.0000582
209.00      0.5244500      0.0000295      0.6916906      0.0000603      0.6679923      0.0000587
209.50      0.5244929      0.0000296      0.6918243      0.0000603      0.6679978      0.0000584
210.00      0.5243173      0.0000297      0.6919516      0.0000599      0.6678306      0.0000587
210.50      0.5242599      0.0000297      0.6921252      0.0000601      0.6682625      0.0000584
211.00      0.5244166      0.0000297      0.6917036      0.0000599      0.6681809      0.0000587
211.50      0.5243595      0.0000301      0.6917070      0.0000605      0.6682881      0.0000585
212.00      0.5242830      0.0000296      0.6919286      0.0000604      0.6680146      0.0000584
212.50      0.5243326      0.0000295      0.6917908      0.0000598      0.6682957      0.0000589
213.00      0.5242478      0.0000296      0.6917960      0.0000603      0.6687204      0.0000585
213.50      0.5241944      0.0000298      0.6918021      0.0000601      0.6685125      0.0000588
214.00      0.5241527      0.0000297      0.6918844      0.0000600      0.6689288      0.0000585
214.50      0.5241694      0.0000299      0.6919750      0.0000599      0.6689011      0.0000586
215.00      0.5242190      0.0000297      0.6918416      0.0000599      0.6686380      0.0000586
215.50      0.5240393      0.0000300      0.6920623      0.0000605      0.6688969      0.0000585
216.00      0.5240818      0.0000296      0.6919065      0.0000596      0.6689613      0.0000587
216.50      0.5241106      0.0000295      0.6920937      0.0000604      0.6690077      0.0000584
217.00      0.5239903      0.0000295      0.6921819      0.0000603      0.6691481      0.0000586
217.50      0.5238477      0.0000296      0.6920910      0.0000604      0.6692298      0.0000582
218.00      0.5237678      0.0000299      0.6922107      0.0000605      0.6695147      0.0000587
218.50      0.5238176      0.0000294      0.6920910      0.0000595      0.6693001      0.0000582
219.00      0.5237882      0.0000297      0.6920902      0.0000598      0.6696830      0.0000584
219.50      0.5238350      0.0000297      0.6922435      0.0000600      0.6696521      0.0000588
220.00      0.5235888      0.0000298      0.6924006      0.0000603      0.6697938      0.0000585
220.50      0.5235928      0.0000297      0.6922895      0.0000601      0.6701983      0.0000588
221.00      0.5237942      0.0000293      0.6921368      0.0000597      0.6699126      0.0000580
221.50      0.5236431      0.0000298      0.6919609      0.0000600      0.6700624      0.0000586
222.00      0.5236252      0.0000292      0.6921576      0.0000600      0.6698541      0.0000578
222.50      0.5233692      0.0000298      0.6924733      0.0000599      0.6701517      0.0000586
223.00      0.5234117      0.0000296      0.6925474      0.0000600      0.6702859      0.0000583
223.50      0.5234975      0.0000297      0.6922959      0.0000598      0.6701808      0.0000589
224.00      0.5234252      0.0000296      0.6923604      0.0000598      0.6703488      0.0000582
224.50      0.5233990      0.0000295      0.6925724      0.0000600      0.6705908      0.0000583
225.00      0.5233634      0.0000297      0.6922015      0.0000599      0.6704145      0.0000588
225.50      0.5233668      0.0000296      0.6923862      0.0000601      0.6705080      0.0000586
226.00      0.5232666      0.0000297      0.6924995      0.0000603      0.6708229      0.0000585
226.50      0.5234602      0.0000297      0.6923384      0.0000600      0.6707279      0.0000586
227.00      0.5233284      0.0000299      0.6923207      0.0000602      0.6708241      0.0000586
227.50      0.5230220      0.0000298      0.6927609      0.0000600      0.6710998      0.0000587
228.00      0.5231609      0.0000297      0.6923891      0.0000600      0.6708858      0.0000588
228.50      0.5231211      0.0000297      0.6925170      0.0000602      0.6710755      0.0000585
229.00      0.5230615      0.0000298      0.6927403      0.0000602      0.6712551      0.0000586
229.50      0.5231603      0.0000297      0.6925014      0.0000601      0.6713662      0.0000589
230.00      0.5230868      0.0000297      0.6925959      0.0000598      0.6711092      0.0000589
230.50      0.5231447      0.0000298      0.6924612      0.0000599      0.6712558      0.0000586
231.00      0.5229313      0.0000298      0.6929979      0.0000600      0.6713900      0.0000587
231.50      0.5229869      0.0000298      0.6927641      0.0000601      0.6714634      0.0000586
232.00      0.5229398      0.0000296      0.6929892      0.0000605      0.6713093      0.0000586
232.50      0.5227103      0.0000298      0.6927957      0.0000600      0.6717212      0.0000585
233.00      0.5227923      0.0000297      0.6928211      0.0000599      0.6716890      0.0000586
233.50      0.5229663      0.0000299      0.6926757      0.0000601      0.6716646      0.0000585
234.00      0.5227034      0.0000300      0.6925217      0.0000608      0.6719212      0.0000586
234.50      0.5227867      0.0000296      0.6926178      0.0000598      0.6719045      0.0000586
235.00      0.5226861      0.0000298      0.6926033      0.0000601      0.6720002      0.0000587
235.50      0.5227551      0.0000295      0.6928571      0.0000602      0.6720936      0.0000589
236.00      0.5227291      0.0000298      0.6927643      0.0000601      0.6721995      0.0000590
236.50      0.5225540      0.0000298      0.6928363      0.0000601      0.6727070      0.0000590
237.00      0.5227113      0.0000297      0.6929377      0.0000598      0.6720292      0.0000587
237.50      0.5223419      0.0000299      0.6930738      0.0000604      0.6727553      0.0000590
238.00      0.5224551      0.0000298      0.6930453      0.0000601      0.6730567      0.0000585
238.50      0.5226056      0.0000299      0.6928745      0.0000599      0.6724324      0.0000591
239.00      0.5223233      0.0000297      0.6930455      0.0000600      0.6729901      0.0000587
239.50      0.5224182      0.0000298      0.6931915      0.0000597      0.6726223      0.0000589
240.00      0.5224369      0.0000296      0.6930062      0.0000599      0.6728840      0.0000590
240.50      0.5223987      0.0000299      0.6932085      0.0000603      0.6732382      0.0000584
241.00      0.5221039      0.0000299      0.6932685      0.0000600      0.6732267      0.0000587
241.50      0.5222546      0.0000297      0.6934507      0.0000600      0.6730345      0.0000587
242.00      0.5221241      0.0000298      0.6934132      0.0000601      0.6732981      0.0000587
242.50      0.5220957      0.0000295      0.6931542      0.0000597      0.6733353      0.0000581
243.00      0.5221930      0.0000300      0.6932499      0.0000602      0.6733219      0.0000587
243.50      0.5221179      0.0000299      0.6933172      0.0000601      0.6735088      0.0000587
244.00      0.5220556      0.0000299      0.6931719      0.0000600      0.6735304      0.0000590
244.50      0.5219647      0.0000298      0.6933965      0.0000602      0.6735837      0.0000583
245.00      0.5219411      0.0000300      0.6933581      0.0000599      0.6737309      0.0000591
245.50      0.5220788      0.0000299      0.6935282      0.0000599      0.6736413      0.0000586
246.00      0.5218857      0.0000300      0.6933225      0.0000602      0.6738279      0.0000580
246.50      0.5218272      0.0000298      0.6932847      0.0000600      0.6739255      0.0000588
247.00      0.5219352      0.0000300      0.6931130      0.0000605      0.6741358      0.0000587
247.50      0.5219660      0.0000299      0.6932223      0.0000598      0.6741150      0.0000590
248.00      0.5217419      0.0000300      0.6935907      0.0000595      0.6742580      0.0000592
248.50      0.5217952      0.0000301      0.6933501      0.0000606      0.6740088      0.0000588
249.00      0.5215913      0.0000300      0.6936133      0.0000605      0.6748327      0.0000586
249.50      0.5217377      0.0000295      0.6933953      0.0000597      0.6746947      0.0000587
250.00      0.5217801      0.0000300      0.6933089      0.0000597      0.6744516      0.0000587
250.50      0.5215368      0.0000300      0.6935074      0.0000600      0.6747098      0.0000588
251.00      0.5214212      0.0000300      0.6935529      0.0000600      0.6748785      0.0000587
251.50      0.5215721      0.0000299      0.6934670      0.0000605      0.6748667      0.0000589
252.00      0.5214865      0.0000300      0.6935295      0.0000596      0.6748849      0.0000589
252.50      0.5213851      0.0000297      0.6937469      0.0000602      0.6750147      0.0000588
253.00      0.5213757      0.0000298      0.6936693      0.0000603      0.6753545      0.0000587
253.50      0.5214182      0.0000302      0.6935399      0.0000604      0.6753022      0.0000588
254.00      0.5213331      0.0000301      0.6936620      0.0000600      0.6754720      0.0000586
254.50      0.5212416      0.0000298      0.6936262      0.0000600      0.6754956      0.0000586
255.00      0.5213256      0.0000298      0.6938565      0.0000602      0.6752763      0.0000586
255.50      0.5211625      0.0000299      0.6939976      0.0000603      0.6753397      0.0000594
256.00      0.5212317      0.0000300      0.6936649      0.0000598      0.6753155      0.0000589
256.50      0.5212443      0.0000294      0.6938237      0.0000597      0.6754710      0.0000586
257.00      0.5210386      0.0000299      0.6937522      0.0000598      0.6759058      0.0000589
257.50      0.5210147      0.0000299      0.6939241      0.0000599      0.6760155      0.0000586
258.00      0.5209726      0.0000297      0.6942144      0.0000604      0.6760558      0.0000591
258.50      0.5209188      0.0000298      0.6940794      0.0000600      0.6760220      0.0000587
259.00      0.5209327      0.0000299      0.6939459      0.0000601      0.6762436      0.0000590
259.50      0.5210592      0.0000301      0.6939611      0.0000601      0.6761289      0.0000588
260.00      0.5209958      0.0000298      0.6936678      0.0000600      0.6760002      0.0000586
260.50      0.5208892      0.0000298      0.6940846      0.0000597      0.6762982      0.0000591
261.00      0.5208973      0.0000300      0.6939059      0.0000604      0.6763327      0.0000589
261.50      0.5205853      0.0000299      0.6942751      0.0000600      0.6764619      0.0000584
262.00      0.5208633      0.0000302      0.6939157      0.0000602      0.6764854      0.0000587
262.50      0.5208820      0.0000301      0.6941894      0.0000600      0.6761677      0.0000585
263.00      0.5207153      0.0000299      0.6941080      0.0000599      0.6768810      0.0000589
263.50      0.5207805      0.0000299      0.6940591      0.0000600      0.6765041      0.0000588
264.00      0.5208928      0.0000299      0.6937693      0.0000600      0.6769092      0.0000586
264.50      0.5204366      0.0000299      0.6942030      0.0000602      0.6772032      0.0000588
265.00      0.5205162      0.0000297      0.6943318      0.0000597      0.6769915      0.0000585
265.50      0.5206150      0.0000298      0.6941836      0.0000599      0.6770454      0.0000591
266.00      0.5206729      0.0000297      0.6940291      0.0000600      0.6769918      0.0000588
266.50      0.5203564      0.0000297      0.6947017      0.0000597      0.6771863      0.0000590
267.00      0.5204181      0.0000303      0.6942556      0.0000604      0.6775017      0.0000592
267.50      0.5203688      0.0000300      0.6943336      0.0000604      0.6772968      0.0000586
268.00      0.5201594      0.0000300      0.6948453      0.0000599      0.6775203      0.0000587
268.50      0.5204490      0.0000298      0.6941295      0.0000604      0.6774134      0.0000592
269.00      0.5203121      0.0000301      0.6944880      0.0000603      0.6775627      0.0000588
269.50      0.5201731      0.0000301      0.6944446      0.0000599      0.6777791      0.0000592
270.00      0.5203666      0.0000298      0.6945801      0.0000602      0.6774956      0.0000589
270.50      0.5201800      0.0000299      0.6945705      0.0000595      0.6781660      0.0000588
271.00      0.5201056      0.0000301      0.6947285      0.0000603      0.6784587      0.0000591
271.50      0.5200380      0.0000298      0.6946840      0.0000599      0.6779687      0.0000584
272.00      0.5199705      0.0000300      0.6945212      0.0000596      0.6781762      0.0000587
272.50      0.5201777      0.0000300      0.6945165      0.0000603      0.6779713      0.0000586
273.00      0.5200502      0.0000299      0.6945511      0.0000598      0.6782921      0.0000586
273.50      0.5198909      0.0000298      0.6945192      0.0000596      0.6783006      0.0000586
274.00      0.5199282      0.0000299      0.6947013      0.0000604      0.6786702      0.0000587
274.50      0.5199614      0.0000300      0.6946102      0.0000599      0.6782747      0.0000591
275.00      0.5199545      0.0000301      0.6943182      0.0000603      0.6786068      0.0000593
275.50      0.5197807      0.0000302      0.6948886      0.0000608      0.6786847      0.0000593
276.00      0.5197631      0.0000302      0.6945309      0.0000597      0.6789145      0.0000591
276.50      0.5196008      0.0000301      0.6947751      0.0000602      0.6790202      0.0000594
277.00      0.5198152      0.0000299      0.6944441      0.0000596      0.6787531      0.0000587
277.50      0.5195710      0.0000302      0.6945893      0.0000598      0.6792400      0.0000589
278.00      0.5196452      0.0000299      0.6951311      0.0000603      0.6790029      0.0000588
278.50      0.5198108      0.0000300      0.6947533      0.0000605      0.6787926      0.0000586
279.00      0.5195475      0.0000303      0.6946614      0.0000601      0.6792561      0.0000591
279.50      0.5195448      0.0000301      0.6948630      0.0000603      0.6794005      0.0000589
280.00      0.5194738      0.0000298      0.6948676      0.0000596      0.6795609      0.0000589
280.50      0.5195591      0.0000301      0.6947052      0.0000599      0.6797166      0.0000595
281.00      0.5194311      0.0000301      0.6950365      0.0000600      0.6797878      0.0000588
281.50      0.5193860      0.0000302      0.6946293      0.0000598      0.6796762      0.0000595
282.00      0.5195032      0.0000302      0.6948198      0.0000601      0.6797340      0.0000589
282.50      0.5192968      0.0000302      0.6951015      0.0000600      0.6800102      0.0000592
283.00      0.5193425      0.0000301      0.6948489      0.0000597      0.6801801      0.0000589
283.50      0.5192115      0.0000300      0.6950994      0.0000596      0.6801931      0.0000590
284.00      0.5192175      0.0000301      0.6949852      0.0000600      0.6801026      0.0000593
284.50      0.5192682      0.0000299      0.6949383      0.0000595      0.6802353      0.0000591
285.00      0.5191575      0.0000303      0.6951580      0.0000596      0.6801634      0.0000596
285.50      0.5190429      0.0000299      0.6954341      0.0000603      0.6802147      0.0000588
286.00      0.5192121      0.0000299      0.6948774      0.0000601      0.6802141      0.0000589
286.50      0.5191504      0.0000299      0.6951599      0.0000597      0.6802991      0.0000588
287.00      0.5189547      0.0000301      0.6949530      0.0000600      0.6807587      0.0000598
287.50      0.5190048      0.0000300      0.6949598      0.0000601      0.6807277      0.0000588
288.00      0.5190297      0.0000301      0.6956444      0.0000602      0.6807992      0.0000591
288.50      0.5188970      0.0000302      0.6954514      0.0000604      0.6807744      0.0000588
289.00      0.5189532      0.0000298      0.6950425      0.0000599      0.6809299      0.0000590
289.50      0.5187505      0.0000302      0.6950893      0.0000601      0.6813899      0.0000592
290.00      0.5188577      0.0000298      0.6953637      0.0000599      0.6810920      0.0000589
290.50      0.5189452      0.0000299      0.6953216      0.0000596      0.6808793      0.0000589
291.00      0.5186879      0.0000301      0.6953806      0.0000601      0.6814850      0.0000594
291.50      0.5186907      0.0000301      0.6954916      0.0000604      0.6814591      0.0000588
292.00      0.5186360      0.0000301      0.6956370      0.0000596      0.6814964      0.0000588
292.50      0.5186694      0.0000300      0.6955273      0.0000597      0.6813054      0.0000584
293.00      0.5187222      0.0000300      0.6953393      0.0000597      0.6815946      0.0000593
293.50      0.5185323      0.0000300      0.6954452      0.0000603      0.6816051      0.0000589
294.00      0.5186680      0.0000299      0.6951251      0.0000599      0.6815634      0.0000591
294.50      0.5182644      0.0000301      0.6959940      0.0000599      0.6819652      0.0000591
295.00      0.5183410      0.0000300      0.6958305      0.0000603      0.6820692      0.0000594
295.50      0.5184738      0.0000300      0.6956801      0.0000598      0.6820135      0.0000592
296.00      0.5183519      0.0000299      0.6956155      0.0000600      0.6818964      0.0000588
296.50      0.5183692      0.0000300      0.6956070      0.0000600      0.6822077      0.0000591
297.00      0.5182322      0.0000298      0.6955117      0.0000596      0.6822051      0.0000590
297.50      0.5184728      0.0000304      0.6954014      0.0000602      0.6820263      0.0000592
298.00      0.5181333      0.0000301      0.6957852      0.0000598      0.6825146      0.0000590
298.50      0.5180494      0.0000302      0.6959388      0.0000599      0.6825965      0.0000592
299.00      0.5181273      0.0000303      0.6956847      0.0000599      0.6827049      0.0000586
299.50      0.5179586      0.0000299      0.6958430      0.0000594      0.6829908      0.0000588
300.00      0.5182727      0.0000303      0.6956933      0.0000598      0.6826853      0.0000591
300.50      0.5180813      0.0000305      0.6958141      0.0000600      0.6828314      0.0000589
301.00      0.5180930      0.0000302      0.6955006      0.0000597      0.6832618      0.0000592
301.50      0.5180890      0.0000299      0.6956594      0.0000599      0.6828393      0.0000588
302.00      0.5179267      0.0000296      0.6955978      0.0000601      0.6832961      0.0000591
302.50      0.5179329      0.0000302      0.6959713      0.0000599      0.6831299      0.0000590
303.00      0.5178953      0.0000302      0.6956583      0.0000602      0.6836063      0.0000592
303.50      0.5178722      0.0000303      0.6959298      0.0000605      0.6834398      0.0000593
304.00      0.5180018      0.0000301      0.6957028      0.0000600      0.6830399      0.0000584
304.50      0.5179364      0.0000302      0.6957963      0.0000597      0.6834161      0.0000590
305.00      0.5176426      0.0000302      0.6960207      0.0000596      0.6835804      0.0000591
305.50      0.5176838      0.0000300      0.6958740      0.0000599      0.6837489      0.0000592
306.00      0.5176492      0.0000302      0.6962067      0.0000602      0.6836284      0.0000594
306.50      0.5176254      0.0000303      0.6966007      0.0000603      0.6838075      0.0000593
307.00      0.5175182      0.0000302      0.6962394      0.0000601      0.6838548      0.0000590
307.50      0.5176451      0.0000299      0.6960920      0.0000598      0.6838485      0.0000588
308.00      0.5174587      0.0000300      0.6959272      0.0000599      0.6839607      0.0000589
308.50      0.5172824      0.0000303      0.6961478      0.0000602      0.6842772      0.0000588
309.00      0.5174185      0.0000300      0.6962065      0.0000602      0.6844865      0.0000591
309.50      0.5172574      0.0000303      0.6963125      0.0000599      0.6844584      0.0000595
310.00      0.5172574      0.0000300      0.6960581      0.0000601      0.6846688      0.0000589
310.50      0.5172489      0.0000302      0.6964671      0.0000596      0.6845358      0.0000592
311.00      0.5174230      0.0000298      0.6964666      0.0000596      0.6844373      0.0000588
311.50      0.5173263      0.0000302      0.6960432      0.0000599      0.6844807      0.0000594
312.00      0.5171014      0.0000302      0.6963435      0.0000599      0.6848202      0.0000588
312.50      0.5171852      0.0000301      0.6962414      0.0000595      0.6850229      0.0000595
313.00      0.5171302      0.0000303      0.6965096      0.0000594      0.6849184      0.0000591
313.50      0.5172971      0.0000302      0.6961225      0.0000600      0.6848530      0.0000591
314.00      0.5171099      0.0000303      0.6962686      0.0000599      0.6848261      0.0000592
314.50      0.5172435      0.0000301      0.6964004      0.0000598      0.6851380      0.0000592
315.00      0.5169313      0.0000300      0.6967443      0.0000601      0.6854783      0.0000589
315.50      0.5169720      0.0000301      0.6964672      0.0000601      0.6853121      0.0000594
316.00      0.5171103      0.0000303      0.6965641      0.0000596      0.6852751      0.0000587
316.50      0.5168739      0.0000301      0.6968680      0.0000603      0.6856072      0.0000592
317.00      0.5168647      0.0000299      0.6964464      0.0000600      0.6857070      0.0000594
317.50      0.5167508      0.0000303      0.6968496      0.0000601      0.6854860      0.0000594
318.00      0.5169433      0.0000303      0.6965735      0.0000596      0.6856153      0.0000595
318.50      0.5168328      0.0000301      0.6965541      0.0000599      0.6855695      0.0000596
319.00      0.5167664      0.0000302      0.6967168      0.0000602      0.6857066      0.0000593
319.50      0.5167872      0.0000299      0.6967019      0.0000601      0.6860830      0.0000589
320.00      0.5167162      0.0000303      0.6965158      0.0000600      0.6862469      0.0000591
320.50      0.5164615      0.0000304      0.6967540      0.0000592      0.6865111      0.0000590
321.00      0.5166705      0.0000299      0.6964309      0.0000591      0.6863288      0.0000588
321.50      0.5165061      0.0000301      0.6968488      0.0000595      0.6864318      0.0000588
322.00      0.5164494      0.0000302      0.6967845      0.0000601      0.6863802      0.0000591
322.50      0.5164098      0.0000304      0.6972854      0.0000598      0.6864371      0.0000598
323.00      0.5163207      0.0000301      0.6967820      0.0000604      0.6866141      0.0000589
323.50      0.5163159      0.0000303      0.6968385      0.0000595      0.6866953      0.0000593
324.00      0.5165850      0.0000302      0.6967341      0.0000598      0.6865073      0.0000589
324.50      0.5164139      0.0000301      0.6964293      0.0000601      0.6868477      0.0000593
325.00      0.5163345      0.0000303      0.6969128      0.0000598      0.6867114      0.0000589
325.50      0.5164023      0.0000302      0.6967002      0.0000598      0.6869384      0.0000590
326.00      0.5163915      0.0000304      0.6968481      0.0000599      0.6866941      0.0000591
326.50      0.5162316      0.0000303      0.6974916      0.0000602      0.6868895      0.0000591
327.00      0.5161582      0.0000303      0.6970466      0.0000598      0.6871264      0.0000586
327.50      0.5159050      0.0000305      0.6972101      0.0000602      0.6871347      0.0000595
328.00      0.5160868      0.0000304      0.6971151      0.0000598      0.6872113      0.0000599
328.50      0.5160540      0.0000304      0.6969150      0.0000602      0.6872441      0.0000593
329.00      0.5159352      0.0000302      0.6972839      0.0000600      0.6872193      0.0000586
329.50      0.5160702      0.0000301      0.6969557      0.0000599      0.6875809      0.0000590
330.00      0.5158116      0.0000302      0.6968474      0.0000597      0.6876486      0.0000590
330.50      0.5158894      0.0000303      0.6974010      0.0000601      0.6874106      0.0000589
331.00      0.5157774      0.0000302      0.6972967      0.0000595      0.6879497      0.0000595
331.50      0.5158636      0.0000302      0.6972710      0.0000598      0.6877439      0.0000596
332.00      0.5159000      0.0000299      0.6969922      0.0000600      0.6880483      0.0000589
332.50      0.5154874      0.0000302      0.6972592      0.0000596      0.6883946      0.0000591
333.00      0.5157042      0.0000298      0.6971680      0.0000598      0.6881830      0.0000591
333.50      0.5155576      0.0000303      0.6974227      0.0000600      0.6883672      0.0000589
334.00      0.5155240      0.0000302      0.6974900      0.0000602      0.6884509      0.0000594
334.50      0.5157955      0.0000302      0.6973529      0.0000595      0.6881611      0.0000591
335.00      0.5154748      0.0000305      0.6973056      0.0000595      0.6887462      0.0000593
335.50      0.5156091      0.0000300      0.6977966      0.0000595      0.6884704      0.0000592
336.00      0.5153770      0.0000302      0.6973177      0.0000599      0.6887129      0.0000590
336.50      0.5153727      0.0000300      0.6975608      0.0000594      0.6889994      0.0000590
337.00      0.5152623      0.0000304      0.6975495      0.0000601      0.6890426      0.0000596
337.50      0.5154261      0.0000303      0.6974136      0.0000604      0.6889546      0.0000593
338.00      0.5152041      0.0000303      0.6976095      0.0000599      0.6889663      0.0000593
338.50      0.5152545      0.0000303      0.6976805      0.0000598      0.6890024      0.0000592
339.00      0.5153283      0.0000301      0.6977217      0.0000599      0.6890380      0.0000591
339.50      0.5152120      0.0000302      0.6975386      0.0000601      0.6892761      0.0000589
340.00      0.5151309      0.0000304      0.6976631      0.0000596      0.6894251      0.0000592
340.50      0.5151279      0.0000300      0.6975774      0.0000598      0.6894640      0.0000594
341.00      0.5151299      0.0000304      0.6973758      0.0000600      0.6895477      0.0000591
341.50      0.5150352      0.0000304      0.6977156      0.0000600      0.6894389      0.0000595
342.00      0.5151984      0.0000304      0.6975463      0.0000599      0.6898752      0.0000593
342.50      0.5148165      0.0000302      0.6977652      0.0000601      0.6901880      0.0000593
343.00      0.5150034      0.0000301      0.6977664      0.0000595      0.6898196      0.0000592
343.50      0.5148770      0.0000307      0.6977484      0.0000600      0.6900191      0.0000600
344.00      0.5149169      0.0000301      0.6977093      0.0000600      0.6899893      0.0000593
344.50      0.5147196      0.0000302      0.6980539      0.0000603      0.6902838      0.0000593
345.00      0.5147035      0.0000303      0.6979383      0.0000598      0.6902832      0.0000585
345.50      0.5148344      0.0000306      0.6979269      0.0000598      0.6902875      0.0000598
346.00      0.5149218      0.0000301      0.6978619      0.0000599      0.6901405      0.0000595
346.50      0.5146834      0.0000302      0.6981981      0.0000598      0.6903020      0.0000589
347.00      0.5147165      0.0000304      0.6977243      0.0000596      0.6904757      0.0000596
347.50      0.5146651      0.0000303      0.6978430      0.0000597      0.6907525      0.0000591
348.00      0.5146397      0.0000303      0.6979864      0.0000601      0.6905272      0.0000595
348.50      0.5144003      0.0000308      0.6979021      0.0000601      0.6913351      0.0000597
349.00      0.5146511      0.0000301      0.6976338      0.0000592      0.6910149      0.0000588
349.50      0.5146097      0.0000304      0.6979926      0.0000601      0.6905697      0.0000594
350.00      0.5144636      0.0000300      0.6976321      0.0000593      0.6910310      0.0000588
350.50      0.5144327      0.0000303      0.6981428      0.0000597      0.6908979      0.0000596
351.00      0.5142446      0.0000303      0.6982882      0.0000601      0.6911039      0.0000592
351.50      0.5144059      0.0000303      0.6981643      0.0000596      0.6909964      0.0000592
352.00      0.5142257      0.0000306      0.6979797      0.0000603      0.6914737      0.0000598
352.50      0.5143703      0.0000303      0.6980947      0.0000601      0.6914221      0.0000589
353.00      0.5142525      0.0000304      0.6980635      0.0000602      0.6917971      0.0000596
353.50      0.5141284      0.0000304      0.6982535      0.0000601      0.6916862      0.0000591
354.00      0.5141260      0.0000304      0.6985837      0.0000598      0.6913818      0.0000589
354.50      0.5141623      0.0000304      0.6982035      0.0000606      0.6914812      0.0000589
355.00      0.5139453      0.0000301      0.6982328      0.0000600      0.6920012      0.0000592
355.50      0.5138270      0.0000303      0.6986654      0.0000597      0.6919229      0.0000598
356.00      0.5139623      0.0000303      0.6985139      0.0000596      0.6921223      0.0000591
356.50      0.5141499      0.0000304      0.6980811      0.0000602      0.6916442      0.0000598
357.00      0.5138124      0.0000307      0.6986736      0.0000603      0.6921067      0.0000591
357.50      0.5138040      0.0000302      0.6985577      0.0000598      0.6922055      0.0000594
358.00      0.5139466      0.0000307      0.6981586      0.0000595      0.6924543      0.0000597
358.50      0.5137331      0.0000304      0.6985728      0.0000605      0.6927867      0.0000597
359.00      0.5137621      0.0000302      0.6985223      0.0000601      0.6925064      0.0000594
359.50      0.5137754      0.0000305      0.6985794      0.0000602      0.6925582      0.0000591
360.00      0.5136778      0.0000301      0.6987207      0.0000596      0.6924746      0.0000596
360.50      0.5136158      0.0000305      0.6985030      0.0000605      0.6926699      0.0000596
361.00      0.5136655      0.0000304      0.6984635      0.0000602      0.6929278      0.0000594
361.50      0.5135332      0.0000303      0.6988465      0.0000602      0.6926474      0.0000597
362.00      0.5133957      0.0000303      0.6986773      0.0000597      0.6929378      0.0000597
362.50      0.5134791      0.0000303      0.6985532      0.0000592      0.6932222      0.0000597
363.00      0.5133537      0.0000305      0.6988739      0.0000598      0.6932266      0.0000595
363.50      0.5134596      0.0000302      0.6984642      0.0000600      0.6932603      0.0000591
364.00      0.5131204      0.0000306      0.6991114      0.0000600      0.6935182      0.0000595
364.50      0.5132157      0.0000303      0.6986673      0.0000596      0.6935855      0.0000591
365.00      0.5132045      0.0000302      0.6987625      0.0000598      0.6934116      0.0000591
365.50      0.5131385      0.0000305      0.6990793      0.0000598      0.6938063      0.0000596
366.00      0.5131852      0.0000304      0.6988641      0.0000599      0.6937482      0.0000591
366.50      0.5132556      0.0000304      0.6990953      0.0000597      0.6939254      0.0000594
367.00      0.5131392      0.0000305      0.6990255      0.0000597      0.6937657      0.0000593
367.50      0.5131070      0.0000304      0.6991444      0.0000599      0.6939759      0.0000592
368.00      0.5131695      0.0000304      0.6988852      0.0000600      0.6939327      0.0000591
368.50      0.5130365      0.0000303      0.6989042      0.0000601      0.6941032      0.0000596
369.00      0.5130348      0.0000305      0.6988981      0.0000599      0.6941039      0.0000598
369.50      0.5128986      0.0000306      0.6989709      0.0000595      0.6944579      0.0000595
370.00      0.5131156      0.0000305      0.6991373      0.0000602      0.6938886      0.0000601
370.50      0.5130118      0.0000304      0.6991053      0.0000597      0.6942146      0.0000593
371.00      0.5128894      0.0000306      0.6991457      0.0000602      0.6946488      0.0000593
371.50      0.5128383      0.0000302      0.6991341      0.0000598      0.6946473      0.0000594
372.00      0.5127475      0.0000308      0.6992194      0.0000600      0.6945596      0.0000594
372.50      0.5128180      0.0000304      0.6994219      0.0000601      0.6946032      0.0000586
373.00      0.5127485      0.0000304      0.6989870      0.0000599      0.6950980      0.0000597
373.50      0.5125497      0.0000305      0.6992137      0.0000596      0.6948770      0.0000590
374.00      0.5127249      0.0000301      0.6989965      0.0000595      0.6950363      0.0000590
374.50      0.5127282      0.0000306      0.6990371      0.0000599      0.6949398      0.0000593
375.00      0.5126662      0.0000301      0.6992637      0.0000598      0.6951662      0.0000596
375.50      0.5126536      0.0000307      0.6994239      0.0000603      0.6950150      0.0000594
376.00      0.5126161      0.0000304      0.6990098      0.0000591      0.6952766      0.0000596
376.50      0.5124418      0.0000306      0.6992888      0.0000601      0.6958071      0.0000596
377.00      0.5126520      0.0000305      0.6993303      0.0000598      0.6953934      0.0000593
377.50      0.5124645      0.0000305      0.6995242      0.0000601      0.6956751      0.0000593
378.00      0.5123720      0.0000305      0.6995135      0.0000596      0.6950416      0.0000594
378.50      0.5122175      0.0000304      0.6993688      0.0000599      0.6956476      0.0000594
379.00      0.5123921      0.0000308      0.6995395      0.0000598      0.6956476      0.0000598
379.50      0.5123120      0.0000306      0.6992077      0.0000598      0.6960630      0.0000593
380.00      0.5123030      0.0000307      0.6992570      0.0000596      0.6958826      0.0000598
380.50      0.5122939      0.0000304      0.6993294      0.0000596      0.6959272      0.0000594
381.00      0.5122888      0.0000307      0.6996465      0.0000593      0.6958549      0.0000597
381.50      0.5122479      0.0000306      0.6994215      0.0000598      0.6959132      0.0000595
382.00      0.5120370      0.0000302      0.6995846      0.0000596      0.6965114      0.0000595
382.50      0.5120834      0.0000310      0.6995856      0.0000596      0.6960109      0.0000597
383.00      0.5121505      0.0000305      0.6996483      0.0000598      0.6964473      0.0000595
383.50      0.5118357      0.0000304      0.6997316      0.0000596      0.6968648      0.0000597
384.00      0.5119473      0.0000305      0.6994632      0.0000600      0.6967049      0.0000594
384.50      0.5118599      0.0000306      0.6996269      0.0000592      0.6964076      0.0000592
385.00      0.5116720      0.0000304      0.6997435      0.0000595      0.6966364      0.0000591
385.50      0.5118405      0.0000302      0.6997926      0.0000596      0.6969370      0.0000593
386.00      0.5117515      0.0000306      0.6996684      0.0000597      0.6970356      0.0000595
386.50      0.5118787      0.0000306      0.6994787      0.0000603      0.6967423      0.0000596
387.00      0.5116288      0.0000305      0.6994456      0.0000603      0.6970469      0.0000594
387.50      0.5116956      0.0000305      0.6998231      0.0000598      0.6969957      0.0000596
388.00      0.5115002      0.0000305      0.6998149      0.0000598      0.6973758      0.0000592
388.50      0.5114325      0.0000305      0.6998640      0.0000597      0.6973528      0.0000595
389.00      0.5113371      0.0000304      0.6999302      0.0000595      0.6977948      0.0000593
389.50      0.5115195      0.0000304      0.6998489      0.0000595      0.6975952      0.0000597
390.00      0.5113259      0.0000303      0.7002567      0.0000601      0.6978321      0.0000594
390.50      0.5114040      0.0000306      0.6996768      0.0000595      0.6979072      0.0000593
391.00      0.5113180      0.0000305      0.6999612      0.0000601      0.6980525      0.0000589
391.50      0.5114089      0.0000306      0.6998502      0.0000603      0.6977906      0.0000593
392.00      0.5111751      0.0000303      0.7002013      0.0000597      0.6982690      0.0000594
392.50      0.5112174      0.0000304      0.7001052      0.0000596      0.6977870      0.0000595
393.00      0.5111146      0.0000306      0.7000135      0.0000596      0.6984828      0.0000587
393.50      0.5112249      0.0000308      0.7000798      0.0000597      0.6980277      0.0000598
394.00      0.5110186      0.0000305      0.7000152      0.0000595      0.6985065      0.0000595
394.50      0.5110668      0.0000307      0.7004237      0.0000602      0.6985280      0.0000594
395.00      0.5110560      0.0000304      0.7001192      0.0000595      0.6984414      0.0000591
395.50      0.5111103      0.0000302      0.7000050      0.0000594      0.6985745      0.0000593
396.00      0.5109728      0.0000305      0.7002586      0.0000598      0.6987289      0.0000593
396.50      0.5109260      0.0000307      0.7000627      0.0000594      0.6987949      0.0000597
397.00      0.5109433      0.0000308      0.6999825      0.0000592      0.6987413      0.0000588
397.50      0.5108756      0.0000307      0.7001475      0.0000595      0.6988620      0.0000594
398.00      0.5109495      0.0000303      0.7001215      0.0000600      0.6991247      0.0000597
398.50      0.5107288      0.0000301      0.7002504      0.0000594      0.6991279      0.0000592
399.00      0.5106057      0.0000304      0.7004240      0.0000597      0.6993079      0.0000596
399.50      0.5107657      0.0000305      0.7004419      0.0000597      0.6995176      0.0000601
400.00      0.5106628      0.0000304      0.7004482      0.0000600      0.6995330      0.0000595
400.50      0.5105668      0.0000305      0.7004781      0.0000593      0.6996776      0.0000592
401.00      0.5104401      0.0000304      0.7002757      0.0000593      0.6995747      0.0000590
401.50      0.5104847      0.0000305      0.7003730      0.0000595      0.6998528      0.0000594
402.00      0.5105168      0.0000305      0.7002757      0.0000598      0.6996658      0.0000597
402.50      0.5106090      0.0000303      0.7003265      0.0000596      0.6997088      0.0000599
403.00      0.5102780      0.0000305      0.7005047      0.0000593      0.7000962      0.0000593
403.50      0.5103562      0.0000305      0.7007443      0.0000598      0.7000366      0.0000591
404.00      0.5104259      0.0000306      0.7007535      0.0000596      0.7001908      0.0000594
404.50      0.5100367      0.0000305      0.7009435      0.0000598      0.7004048      0.0000592
405.00      0.5101589      0.0000308      0.7008634      0.0000600      0.7002650      0.0000597
405.50      0.5101049      0.0000307      0.7003347      0.0000596      0.7004288      0.0000598
406.00      0.5102983      0.0000306      0.7002229      0.0000594      0.7000428      0.0000595
406.50      0.5102274      0.0000306      0.7006195      0.0000592      0.7002189      0.0000596
407.00      0.5100823      0.0000307      0.7006454      0.0000596      0.7002628      0.0000593
407.50      0.5101706      0.0000304      0.7006126      0.0000593      0.7005492      0.0000602
408.00      0.5100723      0.0000307      0.7009032      0.0000598      0.7004936      0.0000595
408.50      0.5099891      0.0000307      0.7009237      0.0000593      0.7008589      0.0000597
409.00      0.5099882      0.0000306      0.7007001      0.0000597      0.7005704      0.0000598
409.50      0.5100251      0.0000304      0.7007516      0.0000594      0.7007474      0.0000593
410.00      0.5098621      0.0000305      0.7009279      0.0000597      0.7010323      0.0000591
410.50      0.5098011      0.0000308      0.7005613      0.0000597      0.7010325      0.0000596
411.00      0.5098319      0.0000307      0.7008861      0.0000595      0.7014826      0.0000596
411.50      0.5098009      0.0000303      0.7007169      0.0000591      0.7008951      0.0000592
412.00      0.5095943      0.0000309      0.7009775      0.0000596      0.7013527      0.0000597
412.50      0.5097179      0.0000302      0.7009076      0.0000588      0.7016332      0.0000591
413.00      0.5096854      0.0000304      0.7010310      0.0000591      0.7013830      0.0000594
413.50      0.5097133      0.0000307      0.7009832      0.0000595      0.7011554      0.0000592
414.00      0.5097282      0.0000305      0.7009038      0.0000601      0.7014614      0.0000595
414.50      0.5096518      0.0000308      0.7010870      0.0000602      0.7018434      0.0000594
415.00      0.5095527      0.0000305      0.7010057      0.0000588      0.7018830      0.0000592
415.50      0.5095997      0.0000303      0.7006997      0.0000596      0.7019533      0.0000589
416.00      0.5094280      0.0000305      0.7010401      0.0000595      0.7022213      0.0000594
416.50      0.5093272      0.0000308      0.7010960      0.0000599      0.7021624      0.0000595
417.00      0.5092645      0.0000306      0.7011268      0.0000598      0.7020161      0.0000593
417.50      0.5092511      0.0000306      0.7011787      0.0000597      0.7024920      0.0000600
418.00      0.5093170      0.0000306      0.7010081      0.0000593      0.7023762      0.0000600
418.50      0.5092345      0.0000306      0.7016468      0.0000595      0.7020512      0.0000592
419.00      0.5092323      0.0000308      0.7009481      0.0000594      0.7024848      0.0000597
419.50      0.5091366      0.0000307      0.7014440      0.0000600      0.7029928      0.0000598
420.00      0.5092483      0.0000309      0.7016917      0.0000598      0.7024713      0.0000602
420.50      0.5091110      0.0000304      0.7014404      0.0000599      0.7027712      0.0000592
421.00      0.5090746      0.0000308      0.7011928      0.0000599      0.7028746      0.0000593
421.50      0.5089466      0.0000305      0.7014026      0.0000595      0.7032685      0.0000603
422.00      0.5090560      0.0000306      0.7009865      0.0000598      0.7032633      0.0000598
422.50      0.5088444      0.0000309      0.7010848      0.0000598      0.7032403      0.0000595
423.00      0.5087987      0.0000306      0.7016039      0.0000591      0.7033091      0.0000599
423.50      0.5089431      0.0000310      0.7013248      0.0000598      0.7033278      0.0000593
424.00      0.5086766      0.0000306      0.7015732      0.0000595      0.7034364      0.0000601
424.50      0.5085876      0.0000306      0.7019859      0.0000597      0.7038937      0.0000593
425.00      0.5088126      0.0000305      0.7014026      0.0000591      0.7035476      0.0000599
425.50      0.5086588      0.0000308      0.7017287      0.0000595      0.7036708      0.0000595
426.00      0.5086880      0.0000306      0.7012605      0.0000597      0.7036691      0.0000594
426.50      0.5086633      0.0000307      0.7017325      0.0000598      0.7037586      0.0000591
427.00      0.5086935      0.0000307      0.7015010      0.0000601      0.7038782      0.0000598
427.50      0.5087108      0.0000306      0.7014623      0.0000595      0.7037809      0.0000597
428.00      0.5084944      0.0000307      0.7015062      0.0000596      0.7041594      0.0000596
428.50      0.5087027      0.0000309      0.7017986      0.0000597      0.7039753      0.0000599
429.00      0.5084656      0.0000306      0.7015588      0.0000595      0.7044517      0.0000596
429.50      0.5085331      0.0000303      0.7016876      0.0000598      0.7040394      0.0000591
430.00      0.5084097      0.0000306      0.7015549      0.0000595      0.7042892      0.0000598
430.50      0.5083957      0.0000309      0.7018510      0.0000595      0.7045424      0.0000597
431.00      0.5083926      0.0000306      0.7018641      0.0000597      0.7043609      0.0000596
431.50      0.5083646      0.0000308      0.7017492      0.0000594      0.7043925      0.0000599
432.00      0.5084436      0.0000307      0.7013945      0.0000590      0.7043560      0.0000594
432.50      0.5081906      0.0000307      0.7016392      0.0000599      0.7046972      0.0000591
433.00      0.5081830      0.0000306      0.7018935      0.0000595      0.7046726      0.0000594
433.50      0.5081622      0.0000306      0.7021882      0.0000594      0.7051125      0.0000595
434.00      0.5079858      0.0000305      0.7018647      0.0000597      0.7053895      0.0000592
434.50      0.5082354      0.0000309      0.7018524      0.0000598      0.7049456      0.0000595
435.00      0.5079166      0.0000308      0.7018209      0.0000599      0.7053609      0.0000594
435.50      0.5079874      0.0000307      0.7022627      0.0000597      0.7052001      0.0000594
436.00      0.5080401      0.0000307      0.7021456      0.0000599      0.7052878      0.0000592
436.50      0.5078793      0.0000305      0.7022013      0.0000594      0.7054613      0.0000597
437.00      0.5079019      0.0000307      0.7020444      0.0000597      0.7056197      0.0000596
437.50      0.5078745      0.0000309      0.7018193      0.0000598      0.7057833      0.0000601
438.00      0.5076902      0.0000305      0.7019816      0.0000599      0.7059563      0.0000592
438.50      0.5077594      0.0000309      0.7022062      0.0000598      0.7058360      0.0000594
439.00      0.5077409      0.0000306      0.7022116      0.0000597      0.7057823      0.0000598
439.50      0.5074236      0.0000306      0.7020401      0.0000591      0.7061811      0.0000598
440.00      0.5076342      0.0000307      0.7019245      0.0000595      0.7060469      0.0000594
440.50      0.5074265      0.0000307      0.7021168      0.0000594      0.7062463      0.0000600
441.00      0.5073940      0.0000307      0.7024038      0.0000597      0.7063345      0.0000598
441.50      0.5072505      0.0000309      0.7026038      0.0000599      0.7064817      0.0000599
442.00      0.5076118      0.0000309      0.7019542      0.0000599      0.7061713      0.0000599
442.50      0.5073103      0.0000307      0.7021816      0.0000592      0.7067407      0.0000597
443.00      0.5074737      0.0000309      0.7019047      0.0000597      0.7066281      0.0000596
443.50      0.5072376      0.0000308      0.7027771      0.0000595      0.7066034      0.0000598
444.00      0.5073195      0.0000308      0.7022866      0.0000593      0.7066113      0.0000597
444.50      0.5071824      0.0000308      0.7024001      0.0000596      0.7068900      0.0000598
445.00      0.5073965      0.0000308      0.7022401      0.0000602      0.7068126      0.0000597
445.50      0.5071824      0.0000307      0.7024687      0.0000595      0.7069316      0.0000599
446.00      0.5072155      0.0000305      0.7019223      0.0000595      0.7072897      0.0000595
446.50      0.5072582      0.0000307      0.7024778      0.0000597      0.7066767      0.0000593
447.00      0.5071539      0.0000308      0.7025066      0.0000598      0.7070137      0.0000596
447.50      0.5070755      0.0000310      0.7024634      0.0000600      0.7072925      0.0000597
448.00      0.5070614      0.0000310      0.7024426      0.0000591      0.7074223      0.0000597
448.50      0.5068942      0.0000308      0.7026909      0.0000596      0.7076037      0.0000596
449.00      0.5071642      0.0000308      0.7026327      0.0000602      0.7072814      0.0000599
449.50      0.5069354      0.0000309      0.7025328      0.0000595      0.7078575      0.0000599
450.00      0.5066734      0.0000309      0.7030214      0.0000597      0.7078558      0.0000598
450.50      0.5069029      0.0000309      0.7024953      0.0000592      0.7080716      0.0000598
451.00      0.5067961      0.0000311      0.7027784      0.0000592      0.7077811      0.0000598
451.50      0.5069062      0.0000306      0.7026232      0.0000599      0.7077250      0.0000595
452.00      0.5066820      0.0000305      0.7028490      0.0000596      0.7079160      0.0000601
452.50      0.5066038      0.0000308      0.7026230      0.0000593      0.7080098      0.0000602
453.00      0.5066148      0.0000309      0.7027315      0.0000594      0.7084244      0.0000595
453.50      0.5067592      0.0000306      0.7025582      0.0000596      0.7082773      0.0000601
454.00      0.5064749      0.0000306      0.7025596      0.0000596      0.7086025      0.0000596
454.50      0.5064952      0.0000310      0.7026703      0.0000592      0.7085995      0.0000599
455.00      0.5063953      0.0000307      0.7028844      0.0000596      0.7088683      0.0000597
455.50      0.5064315      0.0000311      0.7029933      0.0000593      0.7084445      0.0000598
456.00      0.5063176      0.0000306      0.7031305      0.0000597      0.7089397      0.0000595
456.50      0.5063025      0.0000309      0.7027750      0.0000590      0.7089114      0.0000595
457.00      0.5064217      0.0000305      0.7030836      0.0000596      0.7090340      0.0000600
457.50      0.5062340      0.0000310      0.7026785      0.0000593      0.7091593      0.0000599
458.00      0.5063264      0.0000308      0.7030762      0.0000599      0.7089045      0.0000601
458.50      0.5060570      0.0000309      0.7030014      0.0000596      0.7095684      0.0000594
459.00      0.5060044      0.0000310      0.7028289      0.0000595      0.7093442      0.0000600
459.50      0.5060846      0.0000310      0.7030909      0.0000594      0.7096349      0.0000597
460.00      0.5057662      0.0000306      0.7036422      0.0000598      0.7097141      0.0000594
460.50      0.5059302      0.0000307      0.7029028      0.0000595      0.7095455      0.0000603
461.00      0.5059895      0.0000311      0.7029086      0.0000594      0.7093074      0.0000598
461.50      0.5061997      0.0000310      0.7031885      0.0000594      0.7093822      0.0000600
462.00      0.5060632      0.0000309      0.7028627      0.0000597      0.7097520      0.0000604
462.50      0.5060119      0.0000309      0.7031281      0.0000592      0.7096721      0.0000597
463.00      0.5057781      0.0000312      0.7030449      0.0000600      0.7096564      0.0000595
463.50      0.5057568      0.0000307      0.7033368      0.0000597      0.7100219      0.0000596
464.00      0.5057320      0.0000311      0.7035273      0.0000589      0.7099927      0.0000599
464.50      0.5055890      0.0000307      0.7031310      0.0000595      0.7105044      0.0000595
465.00      0.5057870      0.0000309      0.7031055      0.0000592      0.7100909      0.0000601
465.50      0.5057321      0.0000311      0.7029938      0.0000594      0.7099863      0.0000597
466.00      0.5054259      0.0000308      0.7035122      0.0000597      0.7103651      0.0000597
466.50      0.5054401      0.0000309      0.7034274      0.0000596      0.7104922      0.0000601
467.00      0.5055523      0.0000312      0.7036392      0.0000597      0.7104674      0.0000600
467.50      0.5052991      0.0000308      0.7034541      0.0000590      0.7111669      0.0000599
468.00      0.5054814      0.0000307      0.7034162      0.0000595      0.7108398      0.0000597
468.50      0.5054316      0.0000308      0.7033904      0.0000596      0.7107770      0.0000595
469.00      0.5052475      0.0000308      0.7036185      0.0000596      0.7107858      0.0000594
469.50      0.5053625      0.0000306      0.7036676      0.0000594      0.7110397      0.0000595
470.00      0.5053269      0.0000312      0.7037181      0.0000592      0.7108502      0.0000600
470.50      0.5051432      0.0000306      0.7037119      0.0000592      0.7111741      0.0000598
471.00      0.5052294      0.0000308      0.7034559      0.0000591      0.7112308      0.0000595
471.50      0.5052028      0.0000309      0.7038703      0.0000591      0.7113723      0.0000596
472.00      0.5051712      0.0000308      0.7035445      0.0000598      0.7113025      0.0000597
472.50      0.5051690      0.0000311      0.7035673      0.0000597      0.7117528      0.0000593
473.00      0.5049124      0.0000311      0.7039208      0.0000594      0.7116188      0.0000600
473.50      0.5050242      0.0000310      0.7034262      0.0000596      0.7117033      0.0000603
474.00      0.5049382      0.0000308      0.7036263      0.0000595      0.7122033      0.0000599
474.50      0.5049639      0.0000308      0.7038285      0.0000594      0.7118643      0.0000600
475.00      0.5048758      0.0000312      0.7037462      0.0000598      0.7118938      0.0000597
475.50      0.5050011      0.0000310      0.7035881      0.0000593      0.7120085      0.0000599
476.00      0.5047493      0.0000309      0.7040346      0.0000591      0.7118534      0.0000598
476.50      0.5046637      0.0000311      0.7039792      0.0000591      0.7125868      0.0000597
477.00      0.5046246      0.0000308      0.7037221      0.0000593      0.7126374      0.0000595
477.50      0.5047056      0.0000310      0.7035522      0.0000596      0.7125729      0.0000602
478.00      0.5047116      0.0000311      0.7038108      0.0000594      0.7126280      0.0000601
478.50      0.5045888      0.0000309      0.7039173      0.0000597      0.7126719      0.0000600
479.00      0.5046452      0.0000310      0.7040034      0.0000598      0.7125678      0.0000597
479.50      0.5045186      0.0000306      0.7039972      0.0000594      0.7124768      0.0000598
480.00      0.5044731      0.0000309      0.7041772      0.0000591      0.7129426      0.0000599
480.50      0.5045072      0.0000310      0.7040500      0.0000596      0.7128051      0.0000597
481.00      0.5043708      0.0000309      0.7039185      0.0000596      0.7130191      0.0000599
481.50      0.5043200      0.0000311      0.7042692      0.0000599      0.7127854      0.0000595
482.00      0.5042554      0.0000311      0.7043222      0.0000595      0.7129874      0.0000602
482.50      0.5042047      0.0000308      0.7038919      0.0000596      0.7135774      0.0000595
483.00      0.5043509      0.0000312      0.7038650      0.0000598      0.7132841      0.0000603
483.50      0.5043045      0.0000308      0.7040149      0.0000594      0.7134572      0.0000597
484.00      0.5041597      0.0000308      0.7045275      0.0000598      0.7135400      0.0000597
484.50      0.5040688      0.0000310      0.7043082      0.0000596      0.7136775      0.0000602
485.00      0.5040666      0.0000308      0.7042309      0.0000596      0.7136285      0.0000597
485.50      0.5039931      0.0000311      0.7043875      0.0000592      0.7137552      0.0000593
486.00      0.5040595      0.0000312      0.7041121      0.0000595      0.7140632      0.0000600
486.50      0.5039409      0.0000308      0.7042652      0.0000587      0.7138685      0.0000595
487.00      0.5039800      0.0000308      0.7040285      0.0000598      0.7140759      0.0000597
487.50      0.5040179      0.0000308      0.7041459      0.0000595      0.7139742      0.0000594
488.00      0.5038998      0.0000308      0.7044880      0.0000597      0.7138815      0.0000592
488.50      0.5037360      0.0000308      0.7043508      0.0000594      0.7140975      0.0000597
489.00      0.5038037      0.0000310      0.7043880      0.0000592      0.7141587      0.0000596
489.50      0.5038856      0.0000309      0.7045018      0.0000597      0.7143594      0.0000601
490.00      0.5036845      0.0000307      0.7046077      0.0000596      0.7144132      0.0000596
490.50      0.5034112      0.0000308      0.7045745      0.0000595      0.7148574      0.0000599
491.00      0.5034961      0.0000309      0.7045967      0.0000590      0.7149513      0.0000599
491.50      0.5034815      0.0000310      0.7044356      0.0000597      0.7148045      0.0000596
492.00      0.5033289      0.0000307      0.7048831      0.0000591      0.7153124      0.0000599
492.50      0.5033124      0.0000313      0.7047098      0.0000597      0.7151645      0.0000600
493.00      0.5036686      0.0000311      0.7047485      0.0000594      0.7148691      0.0000597
493.50      0.5033939      0.0000308      0.7045655      0.0000598      0.7148925      0.0000596
494.00      0.5033923      0.0000310      0.7043478      0.0000595      0.7152490      0.0000597
494.50      0.5033497      0.0000311      0.7049721      0.0000596      0.7153572      0.0000603
495.00      0.5034862      0.0000309      0.7046896      0.0000591      0.7153419      0.0000597
495.50      0.5032711      0.0000312      0.7044687      0.0000596      0.7154173      0.0000595
496.00      0.5031059      0.0000310      0.7049436      0.0000594      0.7158068      0.0000599
496.50      0.5033389      0.0000308      0.7046468      0.0000589      0.7153980      0.0000600
497.00      0.5030925      0.0000311      0.7045442      0.0000598      0.7157242      0.0000600
497.50      0.5030462      0.0000311      0.7046607      0.0000592      0.7158627      0.0000597
498.00      0.5030578      0.0000310      0.7044847      0.0000591      0.7161089      0.0000598
498.50      0.5031314      0.0000309      0.7048722      0.0000591      0.7160796      0.0000599
499.00      0.5028981      0.0000312      0.7047486      0.0000593      0.7161589      0.0000598
499.50      0.5027835      0.0000312      0.7048756      0.0000598      0.7163545      0.0000601
500.00      0.5030091      0.0000310      0.7050467      0.0000594      0.7161012      0.0000600
500.50      0.5028394      0.0000311      0.7046906      0.0000595      0.7164730      0.0000596
501.00      0.5027093      0.0000311      0.7051510      0.0000592      0.7163875      0.0000598
501.50      0.5027607      0.0000308      0.7050653      0.0000591      0.7163593      0.0000599
502.00      0.5026638      0.0000310      0.7052278      0.0000595      0.7162368      0.0000600
502.50      0.5026130      0.0000311      0.7051157      0.0000593      0.7166118      0.0000602
503.00      0.5025485      0.0000309      0.7050308      0.0000594      0.7168157      0.0000600
503.50      0.5026655      0.0000308      0.7049983      0.0000595      0.7167176      0.0000595
504.00      0.5026946      0.0000309      0.7048645      0.0000594      0.7167465      0.0000599
504.50      0.5024877      0.0000311      0.7047786      0.0000593      0.7171942      0.0000604
505.00      0.5026377      0.0000311      0.7048101      0.0000593      0.7169272      0.0000600
505.50      0.5022179      0.0000313      0.7050629      0.0000600      0.7175500      0.0000602
506.00      0.5023744      0.0000307      0.7053558      0.0000594      0.7176093      0.0000599
506.50      0.5024287      0.0000308      0.7049296      0.0000594      0.7174686      0.0000598
507.00      0.5023594      0.0000311      0.7053694      0.0000591      0.7175493      0.0000599
507.50      0.5024510      0.0000310      0.7051458      0.0000596      0.7176072      0.0000603
508.00      0.5022715      0.0000309      0.7052821      0.0000596      0.7174935      0.0000596
508.50      0.5023561      0.0000310      0.7053360      0.0000594      0.7175190      0.0000599
509.00      0.5023365      0.0000311      0.7054474      0.0000593      0.7179102      0.0000599
509.50      0.5022141      0.0000309      0.7054512      0.0000595      0.7178507      0.0000602
510.00      0.5022794      0.0000312      0.7052063      0.0000594      0.7177848      0.0000595
510.50      0.5019468      0.0000311      0.7053683      0.0000594      0.7182278      0.0000603
511.00      0.5021069      0.0000313      0.7053551      0.0000593      0.7182467      0.0000599
511.50      0.5018842      0.0000308      0.7051061      0.0000593      0.7182006      0.0000597
512.00      0.5019753      0.0000311      0.7054364      0.0000592      0.7181327      0.0000602
512.50      0.5018280      0.0000312      0.7053795      0.0000589      0.7183950      0.0000600
513.00      0.5018571      0.0000310      0.7056030      0.0000595      0.7182645      0.0000598
513.50      0.5018532      0.0000309      0.7053432      0.0000592      0.7183853      0.0000595
514.00      0.5018773      0.0000310      0.7053633      0.0000588      0.7186397      0.0000602
514.50      0.5017051      0.0000311      0.7053266      0.0000593      0.7186261      0.0000597
515.00      0.5018904      0.0000312      0.7053838      0.0000591      0.7185980      0.0000595
515.50      0.5016648      0.0000312      0.7055529      0.0000594      0.7189062      0.0000600
516.00      0.5017027      0.0000313      0.7051390      0.0000594      0.7189878      0.0000596
516.50      0.5016599      0.0000311      0.7054295      0.0000593      0.7188018      0.0000598
517.00      0.5015439      0.0000311      0.7057016      0.0000599      0.7192611      0.0000599
517.50      0.5015288      0.0000309      0.7057910      0.0000593      0.7190238      0.0000601
518.00      0.5014443      0.0000308      0.7056739      0.0000593      0.7191138      0.0000597
518.50      0.5014447      0.0000312      0.7054249      0.0000593      0.7194567      0.0000599
519.00      0.5013446      0.0000314      0.7056226      0.0000596      0.7201078      0.0000599
519.50      0.5014154      0.0000312      0.7058251      0.0000592      0.7194243      0.0000605
