  0.00     -0.0006947      0.4053402      0.0002118      0.3880683      0.0002137      0.0006947      0.0001613
  0.03      0.0127687      0.4079046      0.0001999      0.3902641      0.0002025      0.0000439      0.0001620
  0.06      0.0244536      0.4064723      0.0002023      0.3892115      0.0002037      0.0010711      0.0001594
  0.09      0.0353975      0.4022741      0.0002178      0.3831946      0.0002221      0.0024708      0.0001611
  0.13      0.0453064      0.4051156      0.0002261      0.3870322      0.0002248      0.0055115      0.0001597
  0.16      0.0564016      0.4039221      0.0002146      0.3875333      0.0002147      0.0068703      0.0001584
  0.19      0.0684664      0.4056367      0.0002111      0.3881065      0.0002161      0.0076784      0.0001596
  0.22      0.0800937      0.4064972      0.0002109      0.3903584      0.0002088      0.0087926      0.0001595
  0.25      0.0924019      0.4049507      0.0002099      0.3877066      0.0002078      0.0085746      0.0001597
  0.28      0.0998547      0.3980395      0.0002250      0.3822210      0.0002260      0.0116576      0.0001606
  0.31      0.1132976      0.4041298      0.0002069      0.3865230      0.0002080      0.0121815      0.0001590
  0.35      0.1249446      0.4029934      0.0002274      0.3855816      0.0002260      0.0122911      0.0001588
  0.38      0.1342021      0.4000008      0.0002235      0.3831606      0.0002255      0.0140335      0.0001597
  0.41      0.1452834      0.3991595      0.0002146      0.3823642      0.0002161      0.0144286      0.0001585
  0.44      0.1559642      0.4013304      0.0002418      0.3844255      0.0002418      0.0164827      0.0001594
  0.47      0.1628933      0.3945784      0.0002274      0.3790314      0.0002277      0.0182283      0.0001606
  0.50      0.1733522      0.3930132      0.0002491      0.3772737      0.0002521      0.0182395      0.0001596
  0.53      0.1852084      0.3978739      0.0002240      0.3819942      0.0002229      0.0201290      0.0001596
  0.57      0.1911404      0.3889837      0.0002430      0.3740168      0.0002468      0.0204749      0.0001621
  0.60      0.2020850      0.3912181      0.0002436      0.3770329      0.0002433      0.0215362      0.0001585
  0.63      0.2144599      0.3938978      0.0002379      0.3794337      0.0002383      0.0210965      0.0001606
  0.66      0.2212314      0.3914465      0.0002347      0.3778088      0.0002384      0.0236522      0.0001616
  0.69      0.2286372      0.3887883      0.0002301      0.3755554      0.0002257      0.0248999      0.0001632
  0.72      0.2340143      0.3824045      0.0002710      0.3682706      0.0002716      0.0251621      0.0001599
  0.75      0.2414339      0.3806373      0.0002903      0.3677839      0.0002908      0.0262429      0.0001601
  0.79      0.2482930      0.3799262      0.0002820      0.3666278      0.0002872      0.0287869      0.0001593
  0.82      0.2540922      0.3737513      0.0002896      0.3616944      0.0002877      0.0268217      0.0001650
  0.85      0.2632986      0.3775737      0.0002598      0.3662934      0.0002597      0.0301274      0.0001634
  0.88      0.2676214      0.3715241      0.0003596      0.3592619      0.0003581      0.0292471      0.0001612
  0.91      0.2717612      0.3673803      0.0003238      0.3561644      0.0003222      0.0302267      0.0001620
  0.94      0.2766075      0.3657703      0.0003173      0.3558822      0.0003167      0.0328469      0.0001587
  0.97      0.2738688      0.3538347      0.0003735      0.3436141      0.0003759      0.0334132      0.0001615
  1.01      0.2839769      0.3572186      0.0003634      0.3485393      0.0003643      0.0329076      0.0001621
  1.04      0.2934479      0.3600008      0.0003322      0.3510925      0.0003307      0.0322564      0.0001603
  1.07      0.2847755      0.3436750      0.0003892      0.3351466      0.0003892      0.0340199      0.0001634
  1.10      0.2946024      0.3485249      0.0003558      0.3402589      0.0003554      0.0351010      0.0001633
  1.13      0.2785630      0.3246564      0.0004265      0.3176534      0.0004305      0.0356872      0.0001650
  1.16      0.2968959      0.3393501      0.0003192      0.3316887      0.0003189      0.0366216      0.0001649
  1.19      0.2827848      0.3193209      0.0004818      0.3126350      0.0004821      0.0383355      0.0001631
  1.23      0.2890715      0.3208090      0.0004419      0.3147711      0.0004439      0.0377035      0.0001615
  1.26      0.2519615      0.2776828      0.0006098      0.2719102      0.0006135      0.0392555      0.0001622
  1.29      0.2109562      0.2309903      0.0007149      0.2262959      0.0007140      0.0389346      0.0001650
  1.32      0.2002012      0.2170238      0.0007440      0.2129537      0.0007452      0.0402283      0.0001663
  1.35      0.2528884      0.2679238      0.0005835      0.2632146      0.0005832      0.0393454      0.0001638
  1.38      0.1444806      0.1546689      0.0008416      0.1513503      0.0008439      0.0397515      0.0001650
  1.41      0.1561108      0.1648519      0.0007874      0.1618325      0.0007883      0.0429031      0.0001654
  1.45      0.1503805      0.1567382      0.0008293      0.1536851      0.0008292      0.0408651      0.0001647
  1.48      0.1345241      0.1389795      0.0008526      0.1364953      0.0008520      0.0407887      0.0001672
  1.51      0.0775981      0.0803454      0.0009229      0.0797237      0.0009224      0.0412275      0.0001652
  1.54     -0.0082658     -0.0069408      0.0008869     -0.0071973      0.0008877      0.0422927      0.0001667
  1.57     -0.0347572     -0.0347572      0.0009144     -0.0356137      0.0009138      0.0416428      0.0001657
  1.60     -0.1032996     -0.1046303      0.0008695     -0.1031654      0.0008681      0.0407216      0.0001655
  1.63     -0.0414507     -0.0441666      0.0009306     -0.0423429      0.0009306      0.0418663      0.0001654
  1.67     -0.1105203     -0.1149911      0.0008844     -0.1133185      0.0008856      0.0420843      0.0001645
  1.70     -0.0916961     -0.0975722      0.0009219     -0.0951503      0.0009215      0.0407447      0.0001667
  1.73     -0.1831259     -0.1918357      0.0007334     -0.1890708      0.0007337      0.0405797      0.0001660
  1.76     -0.1841343     -0.1953609      0.0007230     -0.1923722      0.0007224      0.0414462      0.0001653
  1.79     -0.1958929     -0.2096627      0.0007673     -0.2065947      0.0007667      0.0399756      0.0001656
  1.82     -0.2602565     -0.2790307      0.0005974     -0.2738296      0.0005971      0.0402428      0.0001663
  1.85     -0.2102255     -0.2304076      0.0007162     -0.2246415      0.0007161      0.0395476      0.0001648
  1.88     -0.2062206     -0.2292639      0.0007769     -0.2240863      0.0007790      0.0382581      0.0001654
  1.92     -0.3039636     -0.3367641      0.0003479     -0.3307240      0.0003481      0.0380566      0.0001652
  1.95     -0.2665445     -0.3019167      0.0005022     -0.2957085      0.0005007      0.0384939      0.0001661
  1.98     -0.2168241     -0.2524073      0.0007396     -0.2451557      0.0007402      0.0373257      0.0001648
  2.01     -0.2983087     -0.3466438      0.0003432     -0.3392592      0.0003430      0.0360374      0.0001631
  2.04     -0.2928328     -0.3468251      0.0003584     -0.3386164      0.0003604      0.0356629      0.0001627
  2.07     -0.2945192     -0.3557587      0.0003045     -0.3479822      0.0003039      0.0357744      0.0001603
  2.10     -0.2805246     -0.3464729      0.0003676     -0.3377838      0.0003685      0.0347697      0.0001643
  2.14     -0.2872679     -0.3621375      0.0002950     -0.3526363      0.0002976      0.0345165      0.0001630
  2.17     -0.2744601     -0.3543760      0.0003360     -0.3449561      0.0003372      0.0331576      0.0001622
  2.20     -0.2786253     -0.3684748      0.0003023     -0.3587265      0.0003014      0.0331363      0.0001637
  2.23     -0.2741706     -0.3703172      0.0003114     -0.3589109      0.0003108      0.0300819      0.0001612
  2.26     -0.2655389     -0.3697656      0.0003046     -0.3582671      0.0003075      0.0303885      0.0001631
  2.29     -0.2593765     -0.3718154      0.0003234     -0.3593515      0.0003257      0.0295266      0.0001629
  2.32     -0.2525676     -0.3728389      0.0002777     -0.3597615      0.0002784      0.0280773      0.0001607
  2.36     -0.2436300     -0.3727096      0.0002826     -0.3603279      0.0002851      0.0281648      0.0001625
  2.39     -0.2412531     -0.3814725      0.0002621     -0.3686034      0.0002637      0.0272752      0.0001598
  2.42     -0.2370181     -0.3884211      0.0002441     -0.3748024      0.0002434      0.0264619      0.0001620
  2.45     -0.2289766     -0.3900161      0.0002310     -0.3769001      0.0002330      0.0254753      0.0001598
  2.48     -0.2081425     -0.3692650      0.0003847     -0.3548967      0.0003868      0.0230115      0.0001638
  2.51     -0.2132390     -0.3955455      0.0002117     -0.3811942      0.0002116      0.0238028      0.0001615
  2.54     -0.2058256     -0.3971677      0.0002209     -0.3824668      0.0002212      0.0210569      0.0001584
  2.58     -0.1927325     -0.3920808      0.0002472     -0.3763822      0.0002465      0.0205548      0.0001593
  2.61     -0.1862310     -0.3973288      0.0002231     -0.3821582      0.0002259      0.0186186      0.0001579
  2.64     -0.1741512     -0.3940579      0.0002392     -0.3779750      0.0002400      0.0179020      0.0001602
  2.67     -0.1689451     -0.4049238      0.0002053     -0.3894467      0.0002079      0.0167074      0.0001579
  2.70     -0.1538925     -0.3980483      0.0002259     -0.3810661      0.0002272      0.0172278      0.0001614
  2.73     -0.1455509     -0.4008421      0.0002132     -0.3848031      0.0002132      0.0148653      0.0001601
  2.76     -0.1354322     -0.4013281      0.0002294     -0.3851399      0.0002290      0.0132360      0.0001594
  2.80     -0.1247507     -0.4031315      0.0002190     -0.3870107      0.0002187      0.0125469      0.0001622
  2.83     -0.1123813     -0.4021197      0.0002037     -0.3852229      0.0002050      0.0124919      0.0001621
  2.86     -0.1000173     -0.4007316      0.0002335     -0.3837983      0.0002331      0.0122704      0.0001613
  2.89     -0.0921224     -0.4067248      0.0002163     -0.3898385      0.0002158      0.0093187      0.0001591
  2.92     -0.0789326     -0.4032062      0.0002376     -0.3855357      0.0002385      0.0092468      0.0001577
  2.95     -0.0690153     -0.4059871      0.0002085     -0.3886026      0.0002093      0.0071863      0.0001584
  2.98     -0.0581721     -0.4092277      0.0002101     -0.3919356      0.0002097      0.0059181      0.0001610
  3.02     -0.0461677     -0.4054411      0.0002164     -0.3881304      0.0002179      0.0046845      0.0001600
  3.05     -0.0349088     -0.4061744      0.0002082     -0.3875217      0.0002106      0.0033304      0.0001614
  3.08     -0.0224409     -0.4047093      0.0002224     -0.3872446      0.0002236      0.0029769      0.0001605
  3.11     -0.0091574     -0.4105203      0.0002063     -0.3924129      0.0002061      0.0037392      0.0001606
  3.14     -0.0007372     -0.4060375      0.0002060     -0.3890472      0.0002057     -0.0007372      0.0001589
 
----------------------------------------------------------------------------------------------------------------
 hx = 30 cos theta, hy =0, hz = 30 sin theta, tau = (mx hz - mz hx) / h
