 20.00      0.5569811      0.0000275      0.6045253      0.0000553      0.6063228      0.0000553
 20.50      0.5569631      0.0000276      0.6044547      0.0000554      0.6063986      0.0000553
 21.00      0.5569699      0.0000274      0.6045203      0.0000550      0.6063868      0.0000553
 21.50      0.5569967      0.0000276      0.6043784      0.0000552      0.6065273      0.0000552
 22.00      0.5568699      0.0000276      0.6045274      0.0000551      0.6068342      0.0000556
 22.50      0.5565711      0.0000273      0.6046896      0.0000550      0.6068621      0.0000551
 23.00      0.5567668      0.0000275      0.6044949      0.0000551      0.6069492      0.0000549
 23.50      0.5566297      0.0000275      0.6047480      0.0000547      0.6070458      0.0000552
 24.00      0.5568100      0.0000276      0.6045804      0.0000550      0.6068760      0.0000553
 24.50      0.5565810      0.0000275      0.6049000      0.0000552      0.6071736      0.0000555
 25.00      0.5567982      0.0000275      0.6044099      0.0000550      0.6072567      0.0000552
 25.50      0.5567685      0.0000275      0.6045713      0.0000548      0.6071245      0.0000552
 26.00      0.5566049      0.0000276      0.6047441      0.0000552      0.6075052      0.0000552
 26.50      0.5566683      0.0000275      0.6045509      0.0000550      0.6072694      0.0000552
 27.00      0.5566092      0.0000275      0.6048160      0.0000552      0.6074312      0.0000549
 27.50      0.5564246      0.0000276      0.6049653      0.0000555      0.6075842      0.0000550
 28.00      0.5564866      0.0000277      0.6046523      0.0000554      0.6076592      0.0000552
 28.50      0.5565316      0.0000276      0.6046426      0.0000550      0.6076486      0.0000552
 29.00      0.5562664      0.0000277      0.6049085      0.0000553      0.6079770      0.0000553
 29.50      0.5563299      0.0000275      0.6050815      0.0000553      0.6078133      0.0000552
 30.00      0.5563976      0.0000275      0.6049517      0.0000552      0.6078244      0.0000553
 30.50      0.5562803      0.0000275      0.6050275      0.0000552      0.6081091      0.0000553
 31.00      0.5562766      0.0000277      0.6050275      0.0000553      0.6081208      0.0000553
 31.50      0.5563147      0.0000276      0.6047723      0.0000543      0.6081465      0.0000558
 32.00      0.5561621      0.0000276      0.6051509      0.0000551      0.6082556      0.0000551
 32.50      0.5562932      0.0000275      0.6048893      0.0000551      0.6081847      0.0000552
 33.00      0.5561936      0.0000274      0.6051362      0.0000548      0.6083342      0.0000552
 33.50      0.5559919      0.0000274      0.6052581      0.0000552      0.6085335      0.0000553
 34.00      0.5562599      0.0000275      0.6049144      0.0000549      0.6086902      0.0000555
 34.50      0.5561516      0.0000275      0.6050501      0.0000553      0.6085090      0.0000555
 35.00      0.5559430      0.0000276      0.6052581      0.0000551      0.6088695      0.0000552
 35.50      0.5559673      0.0000275      0.6052778      0.0000551      0.6088967      0.0000553
 36.00      0.5559587      0.0000277      0.6053988      0.0000552      0.6089540      0.0000551
 36.50      0.5560320      0.0000278      0.6051824      0.0000552      0.6087755      0.0000555
 37.00      0.5558779      0.0000275      0.6052151      0.0000550      0.6089387      0.0000555
 37.50      0.5559266      0.0000277      0.6052292      0.0000553      0.6089946      0.0000554
 38.00      0.5558670      0.0000277      0.6053814      0.0000555      0.6092576      0.0000554
 38.50      0.5558186      0.0000276      0.6051862      0.0000553      0.6093444      0.0000553
 39.00      0.5557882      0.0000275      0.6053877      0.0000550      0.6093762      0.0000549
 39.50      0.5557563      0.0000276      0.6054613      0.0000548      0.6094431      0.0000554
 40.00      0.5557703      0.0000273      0.6053276      0.0000551      0.6094561      0.0000552
 40.50      0.5557254      0.0000278      0.6051698      0.0000554      0.6098570      0.0000556
 41.00      0.5556089      0.0000276      0.6055427      0.0000548      0.6099357      0.0000555
 41.50      0.5555711      0.0000275      0.6054384      0.0000552      0.6098074      0.0000551
 42.00      0.5556225      0.0000275      0.6055214      0.0000551      0.6096808      0.0000552
 42.50      0.5555708      0.0000274      0.6052788      0.0000549      0.6102561      0.0000552
 43.00      0.5555808      0.0000273      0.6054847      0.0000549      0.6099855      0.0000553
 43.50      0.5554567      0.0000276      0.6055916      0.0000549      0.6099623      0.0000556
 44.00      0.5554407      0.0000276      0.6055814      0.0000552      0.6101893      0.0000554
 44.50      0.5552602      0.0000276      0.6057619      0.0000554      0.6104294      0.0000552
 45.00      0.5554991      0.0000274      0.6056634      0.0000553      0.6102978      0.0000551
 45.50      0.5552833      0.0000276      0.6058967      0.0000549      0.6103716      0.0000554
 46.00      0.5553708      0.0000279      0.6057969      0.0000555      0.6103661      0.0000556
 46.50      0.5553403      0.0000278      0.6056809      0.0000553      0.6104875      0.0000555
 47.00      0.5551716      0.0000276      0.6060116      0.0000548      0.6105430      0.0000556
 47.50      0.5552835      0.0000277      0.6056801      0.0000552      0.6104623      0.0000553
 48.00      0.5551855      0.0000278      0.6059323      0.0000551      0.6106999      0.0000557
 48.50      0.5552196      0.0000276      0.6056562      0.0000553      0.6108490      0.0000558
 49.00      0.5549653      0.0000278      0.6059417      0.0000555      0.6110524      0.0000556
 49.50      0.5551133      0.0000276      0.6061348      0.0000551      0.6108063      0.0000558
 50.00      0.5550851      0.0000278      0.6058704      0.0000552      0.6110903      0.0000556
 50.50      0.5549418      0.0000276      0.6060977      0.0000550      0.6111892      0.0000555
 51.00      0.5550761      0.0000275      0.6059437      0.0000553      0.6111014      0.0000556
 51.50      0.5550425      0.0000278      0.6057832      0.0000553      0.6113010      0.0000558
 52.00      0.5550405      0.0000276      0.6059576      0.0000554      0.6112319      0.0000554
 52.50      0.5548732      0.0000278      0.6061422      0.0000550      0.6114365      0.0000557
 53.00      0.5548984      0.0000277      0.6058680      0.0000552      0.6117644      0.0000554
 53.50      0.5549143      0.0000275      0.6059482      0.0000553      0.6114944      0.0000556
 54.00      0.5548543      0.0000276      0.6061144      0.0000549      0.6116658      0.0000556
 54.50      0.5548101      0.0000279      0.6060846      0.0000551      0.6117345      0.0000557
 55.00      0.5547023      0.0000277      0.6060394      0.0000553      0.6120082      0.0000556
 55.50      0.5546323      0.0000278      0.6062639      0.0000552      0.6119174      0.0000559
 56.00      0.5546464      0.0000278      0.6062566      0.0000553      0.6121170      0.0000560
 56.50      0.5545998      0.0000279      0.6063275      0.0000554      0.6120514      0.0000560
 57.00      0.5546384      0.0000277      0.6063785      0.0000550      0.6120926      0.0000556
 57.50      0.5546507      0.0000278      0.6062580      0.0000553      0.6121621      0.0000553
 58.00      0.5545451      0.0000279      0.6062904      0.0000554      0.6125115      0.0000558
 58.50      0.5544869      0.0000277      0.6063576      0.0000554      0.6125093      0.0000557
 59.00      0.5545650      0.0000280      0.6061282      0.0000554      0.6125434      0.0000556
 59.50      0.5545781      0.0000278      0.6064698      0.0000554      0.6122205      0.0000561
 60.00      0.5545329      0.0000277      0.6061713      0.0000555      0.6126372      0.0000557
 60.50      0.5544026      0.0000276      0.6063921      0.0000554      0.6127103      0.0000553
 61.00      0.5543304      0.0000279      0.6066482      0.0000556      0.6126722      0.0000556
 61.50      0.5544229      0.0000275      0.6064131      0.0000551      0.6127391      0.0000552
 62.00      0.5542309      0.0000277      0.6066823      0.0000550      0.6129617      0.0000559
 62.50      0.5543266      0.0000278      0.6064890      0.0000551      0.6129791      0.0000552
 63.00      0.5542204      0.0000276      0.6068375      0.0000554      0.6130721      0.0000553
 63.50      0.5542978      0.0000276      0.6064391      0.0000549      0.6129981      0.0000560
 64.00      0.5542503      0.0000277      0.6065662      0.0000552      0.6130971      0.0000556
 64.50      0.5541763      0.0000278      0.6066543      0.0000554      0.6131693      0.0000558
 65.00      0.5541315      0.0000277      0.6067090      0.0000551      0.6133343      0.0000557
 65.50      0.5540599      0.0000279      0.6065354      0.0000552      0.6135639      0.0000558
 66.00      0.5540587      0.0000279      0.6066441      0.0000552      0.6135409      0.0000560
 66.50      0.5538454      0.0000276      0.6067585      0.0000549      0.6139026      0.0000555
 67.00      0.5539444      0.0000278      0.6067416      0.0000557      0.6136265      0.0000556
 67.50      0.5539466      0.0000278      0.6067723      0.0000554      0.6138256      0.0000559
 68.00      0.5538918      0.0000278      0.6067953      0.0000552      0.6137357      0.0000555
 68.50      0.5538358      0.0000278      0.6069931      0.0000552      0.6138797      0.0000561
 69.00      0.5538947      0.0000277      0.6069276      0.0000551      0.6140134      0.0000557
 69.50      0.5537754      0.0000277      0.6069554      0.0000553      0.6142084      0.0000557
 70.00      0.5539657      0.0000278      0.6067145      0.0000552      0.6140074      0.0000557
 70.50      0.5537475      0.0000277      0.6069194      0.0000550      0.6141347      0.0000554
 71.00      0.5537350      0.0000279      0.6070542      0.0000553      0.6143921      0.0000560
 71.50      0.5536753      0.0000279      0.6069934      0.0000552      0.6145586      0.0000556
 72.00      0.5536851      0.0000276      0.6070209      0.0000549      0.6144380      0.0000558
 72.50      0.5536646      0.0000278      0.6069608      0.0000554      0.6145906      0.0000553
 73.00      0.5536047      0.0000278      0.6070562      0.0000553      0.6146430      0.0000556
 73.50      0.5534855      0.0000277      0.6073687      0.0000554      0.6147196      0.0000555
 74.00      0.5536721      0.0000279      0.6072273      0.0000551      0.6145516      0.0000559
 74.50      0.5535025      0.0000279      0.6071026      0.0000552      0.6148168      0.0000557
 75.00      0.5533364      0.0000276      0.6072714      0.0000550      0.6151214      0.0000557
 75.50      0.5534736      0.0000278      0.6072025      0.0000550      0.6150023      0.0000556
 76.00      0.5533985      0.0000277      0.6072336      0.0000549      0.6151402      0.0000557
 76.50      0.5534269      0.0000279      0.6070711      0.0000552      0.6150895      0.0000561
 77.00      0.5533581      0.0000278      0.6072673      0.0000552      0.6151163      0.0000556
 77.50      0.5532906      0.0000277      0.6072308      0.0000551      0.6154934      0.0000558
 78.00      0.5532122      0.0000278      0.6073745      0.0000555      0.6153978      0.0000557
 78.50      0.5531338      0.0000281      0.6074609      0.0000553      0.6156164      0.0000558
 79.00      0.5531485      0.0000280      0.6073813      0.0000551      0.6157444      0.0000562
 79.50      0.5531532      0.0000278      0.6073781      0.0000550      0.6155069      0.0000559
 80.00      0.5531978      0.0000278      0.6074839      0.0000549      0.6156303      0.0000553
 80.50      0.5530195      0.0000277      0.6076377      0.0000547      0.6158829      0.0000556
 81.00      0.5530200      0.0000278      0.6073460      0.0000553      0.6159670      0.0000556
 81.50      0.5530959      0.0000279      0.6073362      0.0000550      0.6159630      0.0000561
 82.00      0.5531487      0.0000279      0.6074452      0.0000555      0.6160078      0.0000563
 82.50      0.5529216      0.0000278      0.6076640      0.0000554      0.6161098      0.0000558
 83.00      0.5530338      0.0000279      0.6075301      0.0000553      0.6160627      0.0000559
 83.50      0.5530076      0.0000279      0.6076206      0.0000553      0.6162720      0.0000560
 84.00      0.5529408      0.0000279      0.6075942      0.0000553      0.6162972      0.0000556
 84.50      0.5528987      0.0000278      0.6075976      0.0000552      0.6164460      0.0000560
 85.00      0.5528552      0.0000279      0.6077644      0.0000550      0.6164255      0.0000560
 85.50      0.5527716      0.0000277      0.6077167      0.0000554      0.6166121      0.0000556
 86.00      0.5525582      0.0000278      0.6079208      0.0000551      0.6166642      0.0000561
 86.50      0.5526922      0.0000277      0.6077958      0.0000549      0.6168080      0.0000559
 87.00      0.5528439      0.0000276      0.6077859      0.0000552      0.6166391      0.0000556
 87.50      0.5526999      0.0000281      0.6078412      0.0000557      0.6168097      0.0000561
 88.00      0.5527832      0.0000280      0.6076345      0.0000556      0.6168910      0.0000559
 88.50      0.5526617      0.0000279      0.6079647      0.0000554      0.6167960      0.0000559
 89.00      0.5526313      0.0000280      0.6079402      0.0000552      0.6169446      0.0000559
 89.50      0.5524605      0.0000279      0.6080039      0.0000555      0.6173014      0.0000558
 90.00      0.5524719      0.0000278      0.6078835      0.0000552      0.6173112      0.0000562
 90.50      0.5525126      0.0000278      0.6081183      0.0000557      0.6171994      0.0000557
 91.00      0.5524736      0.0000278      0.6079567      0.0000555      0.6173615      0.0000560
 91.50      0.5523973      0.0000279      0.6080420      0.0000550      0.6175553      0.0000559
 92.00      0.5523875      0.0000277      0.6078944      0.0000551      0.6177574      0.0000561
 92.50      0.5521981      0.0000280      0.6081748      0.0000557      0.6177491      0.0000560
 93.00      0.5521184      0.0000278      0.6084434      0.0000555      0.6178745      0.0000555
 93.50      0.5523017      0.0000279      0.6080846      0.0000553      0.6178010      0.0000559
 94.00      0.5523606      0.0000279      0.6082419      0.0000550      0.6179593      0.0000562
 94.50      0.5522909      0.0000279      0.6081469      0.0000551      0.6176944      0.0000561
 95.00      0.5521296      0.0000278      0.6082462      0.0000552      0.6180070      0.0000555
 95.50      0.5521513      0.0000281      0.6082085      0.0000558      0.6182209      0.0000561
 96.00      0.5521174      0.0000281      0.6080740      0.0000552      0.6183188      0.0000565
 96.50      0.5521469      0.0000281      0.6082088      0.0000554      0.6180817      0.0000563
 97.00      0.5520652      0.0000278      0.6081702      0.0000552      0.6183301      0.0000561
 97.50      0.5520043      0.0000280      0.6084110      0.0000552      0.6184526      0.0000558
 98.00      0.5519945      0.0000281      0.6084197      0.0000555      0.6184437      0.0000561
 98.50      0.5518971      0.0000281      0.6083075      0.0000555      0.6186958      0.0000557
 99.00      0.5520112      0.0000277      0.6082687      0.0000547      0.6186447      0.0000560
 99.50      0.5518701      0.0000279      0.6085159      0.0000555      0.6187227      0.0000557
100.00      0.5519237      0.0000277      0.6083426      0.0000549      0.6187998      0.0000563
100.50      0.5517939      0.0000276      0.6084975      0.0000552      0.6187470      0.0000559
101.00      0.5518218      0.0000280      0.6083579      0.0000552      0.6190828      0.0000561
101.50      0.5518525      0.0000279      0.6084383      0.0000555      0.6189648      0.0000558
102.00      0.5517560      0.0000278      0.6087513      0.0000553      0.6189281      0.0000558
102.50      0.5515952      0.0000279      0.6086201      0.0000555      0.6191679      0.0000559
103.00      0.5516367      0.0000280      0.6085962      0.0000553      0.6194516      0.0000562
103.50      0.5516550      0.0000280      0.6088775      0.0000552      0.6191856      0.0000558
104.00      0.5515101      0.0000279      0.6087281      0.0000550      0.6195596      0.0000556
104.50      0.5515202      0.0000279      0.6087955      0.0000557      0.6194355      0.0000559
105.00      0.5515876      0.0000279      0.6086520      0.0000550      0.6195101      0.0000564
105.50      0.5516100      0.0000280      0.6086520      0.0000554      0.6196361      0.0000559
106.00      0.5514428      0.0000279      0.6088529      0.0000555      0.6198058      0.0000564
106.50      0.5514609      0.0000280      0.6087480      0.0000555      0.6196002      0.0000560
107.00      0.5514635      0.0000278      0.6088344      0.0000552      0.6197367      0.0000558
107.50      0.5513321      0.0000279      0.6089121      0.0000551      0.6199168      0.0000558
108.00      0.5513263      0.0000279      0.6088705      0.0000555      0.6199625      0.0000559
108.50      0.5514813      0.0000281      0.6087109      0.0000555      0.6200550      0.0000562
109.00      0.5515482      0.0000280      0.6085755      0.0000551      0.6198893      0.0000561
109.50      0.5513589      0.0000281      0.6087389      0.0000554      0.6201394      0.0000563
110.00      0.5513681      0.0000278      0.6086338      0.0000554      0.6202956      0.0000562
110.50      0.5512696      0.0000278      0.6089929      0.0000552      0.6203448      0.0000561
111.00      0.5510858      0.0000281      0.6092885      0.0000554      0.6205539      0.0000560
111.50      0.5511943      0.0000280      0.6089556      0.0000556      0.6204776      0.0000562
112.00      0.5511305      0.0000278      0.6089652      0.0000554      0.6207404      0.0000557
112.50      0.5510382      0.0000279      0.6091472      0.0000552      0.6208498      0.0000561
113.00      0.5509659      0.0000278      0.6090340      0.0000552      0.6210673      0.0000562
113.50      0.5509807      0.0000278      0.6091991      0.0000554      0.6210934      0.0000557
114.00      0.5510595      0.0000280      0.6091090      0.0000552      0.6207735      0.0000561
114.50      0.5509963      0.0000279      0.6092148      0.0000554      0.6208517      0.0000561
115.00      0.5507805      0.0000282      0.6092331      0.0000555      0.6213049      0.0000566
115.50      0.5508019      0.0000280      0.6093302      0.0000555      0.6210881      0.0000561
116.00      0.5508438      0.0000278      0.6091903      0.0000553      0.6212973      0.0000562
116.50      0.5507080      0.0000280      0.6092047      0.0000551      0.6216251      0.0000563
117.00      0.5506788      0.0000282      0.6094351      0.0000554      0.6216496      0.0000565
117.50      0.5506609      0.0000278      0.6093715      0.0000554      0.6216557      0.0000562
118.00      0.5507854      0.0000281      0.6093503      0.0000552      0.6215805      0.0000565
118.50      0.5505798      0.0000278      0.6095939      0.0000551      0.6216829      0.0000557
119.00      0.5505544      0.0000282      0.6095032      0.0000552      0.6217686      0.0000563
119.50      0.5505926      0.0000278      0.6094698      0.0000550      0.6219482      0.0000561
120.00      0.5504004      0.0000281      0.6095012      0.0000554      0.6221344      0.0000562
120.50      0.5504075      0.0000281      0.6096920      0.0000556      0.6221322      0.0000559
121.00      0.5504691      0.0000280      0.6094767      0.0000554      0.6222779      0.0000560
121.50      0.5504531      0.0000278      0.6095964      0.0000553      0.6222434      0.0000562
122.00      0.5503176      0.0000279      0.6096626      0.0000555      0.6222915      0.0000562
122.50      0.5505252      0.0000280      0.6093334      0.0000552      0.6221822      0.0000560
123.00      0.5503456      0.0000281      0.6097077      0.0000552      0.6222856      0.0000562
123.50      0.5502796      0.0000282      0.6098447      0.0000557      0.6226570      0.0000565
124.00      0.5502440      0.0000282      0.6096690      0.0000553      0.6224773      0.0000560
124.50      0.5501430      0.0000277      0.6096881      0.0000552      0.6227578      0.0000558
125.00      0.5503988      0.0000280      0.6096286      0.0000552      0.6226632      0.0000561
125.50      0.5501322      0.0000281      0.6098428      0.0000554      0.6227511      0.0000564
126.00      0.5500958      0.0000281      0.6099771      0.0000552      0.6230341      0.0000564
126.50      0.5501538      0.0000281      0.6098529      0.0000554      0.6228932      0.0000565
127.00      0.5500473      0.0000282      0.6098714      0.0000555      0.6230673      0.0000564
127.50      0.5500149      0.0000280      0.6099962      0.0000555      0.6233378      0.0000560
128.00      0.5501132      0.0000280      0.6098063      0.0000554      0.6233170      0.0000563
128.50      0.5499561      0.0000279      0.6101670      0.0000553      0.6232879      0.0000559
129.00      0.5497722      0.0000282      0.6100096      0.0000552      0.6236692      0.0000566
129.50      0.5499184      0.0000282      0.6097167      0.0000555      0.6237290      0.0000562
130.00      0.5498713      0.0000282      0.6099706      0.0000554      0.6237808      0.0000563
130.50      0.5499100      0.0000279      0.6101530      0.0000551      0.6233605      0.0000563
131.00      0.5496564      0.0000278      0.6101468      0.0000554      0.6240343      0.0000560
131.50      0.5498515      0.0000280      0.6103210      0.0000554      0.6236780      0.0000562
132.00      0.5497270      0.0000279      0.6101940      0.0000554      0.6239194      0.0000566
132.50      0.5497107      0.0000282      0.6100677      0.0000554      0.6240382      0.0000564
133.00      0.5497732      0.0000278      0.6099727      0.0000553      0.6240934      0.0000564
133.50      0.5497365      0.0000282      0.6100552      0.0000552      0.6239517      0.0000566
134.00      0.5495042      0.0000281      0.6103863      0.0000555      0.6243647      0.0000563
134.50      0.5495025      0.0000282      0.6103409      0.0000553      0.6243520      0.0000562
135.00      0.5493981      0.0000280      0.6102054      0.0000552      0.6245504      0.0000565
135.50      0.5496910      0.0000279      0.6099894      0.0000554      0.6242916      0.0000561
136.00      0.5495150      0.0000280      0.6104602      0.0000553      0.6244415      0.0000567
136.50      0.5494575      0.0000280      0.6102572      0.0000552      0.6245930      0.0000561
137.00      0.5493090      0.0000282      0.6104489      0.0000558      0.6250310      0.0000563
137.50      0.5493430      0.0000280      0.6104828      0.0000555      0.6248099      0.0000561
138.00      0.5494024      0.0000281      0.6102873      0.0000554      0.6248847      0.0000564
138.50      0.5492059      0.0000283      0.6104842      0.0000554      0.6250717      0.0000565
139.00      0.5493763      0.0000283      0.6104688      0.0000553      0.6247904      0.0000563
139.50      0.5491745      0.0000282      0.6105446      0.0000557      0.6250958      0.0000564
140.00      0.5491623      0.0000280      0.6104428      0.0000553      0.6253266      0.0000566
140.50      0.5491360      0.0000282      0.6106547      0.0000556      0.6252113      0.0000568
141.00      0.5490805      0.0000283      0.6106491      0.0000553      0.6251581      0.0000564
141.50      0.5491647      0.0000281      0.6105760      0.0000555      0.6254472      0.0000566
142.00      0.5491134      0.0000282      0.6105984      0.0000555      0.6253648      0.0000562
142.50      0.5490852      0.0000281      0.6107434      0.0000555      0.6252965      0.0000563
143.00      0.5490001      0.0000280      0.6106290      0.0000551      0.6255924      0.0000564
143.50      0.5490474      0.0000279      0.6106784      0.0000550      0.6256637      0.0000560
144.00      0.5490941      0.0000281      0.6105642      0.0000556      0.6257122      0.0000565
144.50      0.5488922      0.0000281      0.6107617      0.0000555      0.6258954      0.0000563
145.00      0.5488502      0.0000280      0.6107291      0.0000557      0.6261479      0.0000564
145.50      0.5487651      0.0000281      0.6107937      0.0000553      0.6261281      0.0000562
146.00      0.5488406      0.0000283      0.6107918      0.0000559      0.6261198      0.0000565
146.50      0.5486924      0.0000282      0.6108778      0.0000554      0.6263299      0.0000568
147.00      0.5487523      0.0000281      0.6108581      0.0000554      0.6262384      0.0000563
147.50      0.5487514      0.0000281      0.6108117      0.0000555      0.6263028      0.0000565
148.00      0.5488039      0.0000283      0.6109550      0.0000554      0.6259809      0.0000563
148.50      0.5486992      0.0000283      0.6110652      0.0000557      0.6263768      0.0000566
149.00      0.5486742      0.0000282      0.6109338      0.0000553      0.6264572      0.0000564
149.50      0.5484274      0.0000283      0.6111777      0.0000552      0.6268789      0.0000566
150.00      0.5484469      0.0000279      0.6111973      0.0000554      0.6269162      0.0000558
150.50      0.5484360      0.0000282      0.6110682      0.0000556      0.6268591      0.0000566
151.00      0.5483490      0.0000283      0.6111725      0.0000557      0.6270076      0.0000569
151.50      0.5483969      0.0000282      0.6113503      0.0000558      0.6268493      0.0000566
152.00      0.5483527      0.0000283      0.6113446      0.0000554      0.6271249      0.0000569
152.50      0.5483403      0.0000282      0.6113136      0.0000555      0.6269193      0.0000566
153.00      0.5484059      0.0000281      0.6111945      0.0000556      0.6273387      0.0000563
153.50      0.5484185      0.0000282      0.6111892      0.0000551      0.6271508      0.0000568
154.00      0.5481806      0.0000281      0.6114063      0.0000557      0.6273592      0.0000566
154.50      0.5481912      0.0000283      0.6114698      0.0000554      0.6274233      0.0000565
155.00      0.5481252      0.0000282      0.6114504      0.0000553      0.6275848      0.0000566
155.50      0.5481820      0.0000282      0.6112696      0.0000555      0.6276938      0.0000565
156.00      0.5481316      0.0000282      0.6112792      0.0000553      0.6277575      0.0000565
156.50      0.5481901      0.0000282      0.6115558      0.0000557      0.6276373      0.0000564
157.00      0.5481254      0.0000284      0.6118134      0.0000557      0.6275325      0.0000568
157.50      0.5480532      0.0000282      0.6116766      0.0000553      0.6277447      0.0000565
158.00      0.5481055      0.0000281      0.6114207      0.0000550      0.6279915      0.0000566
158.50      0.5479831      0.0000281      0.6113850      0.0000554      0.6281130      0.0000562
159.00      0.5479223      0.0000280      0.6113663      0.0000553      0.6282180      0.0000564
159.50      0.5478357      0.0000281      0.6117595      0.0000554      0.6283230      0.0000565
160.00      0.5478851      0.0000282      0.6114036      0.0000555      0.6284604      0.0000567
160.50      0.5477888      0.0000283      0.6116003      0.0000554      0.6285444      0.0000563
161.00      0.5475725      0.0000281      0.6118591      0.0000554      0.6286572      0.0000565
161.50      0.5476399      0.0000281      0.6117828      0.0000553      0.6287283      0.0000563
162.00      0.5475737      0.0000282      0.6117659      0.0000551      0.6289783      0.0000563
162.50      0.5476988      0.0000284      0.6115255      0.0000559      0.6289612      0.0000563
163.00      0.5477566      0.0000284      0.6117680      0.0000552      0.6286478      0.0000565
163.50      0.5476949      0.0000284      0.6117610      0.0000555      0.6286688      0.0000565
164.00      0.5476707      0.0000284      0.6116540      0.0000554      0.6288414      0.0000567
164.50      0.5474807      0.0000281      0.6119458      0.0000554      0.6291564      0.0000566
165.00      0.5475617      0.0000283      0.6117190      0.0000553      0.6292465      0.0000565
165.50      0.5475312      0.0000284      0.6121041      0.0000558      0.6290895      0.0000564
166.00      0.5475091      0.0000285      0.6118629      0.0000558      0.6293826      0.0000568
166.50      0.5473890      0.0000284      0.6119308      0.0000554      0.6294813      0.0000567
167.00      0.5474177      0.0000282      0.6118620      0.0000553      0.6295123      0.0000564
167.50      0.5472914      0.0000282      0.6119601      0.0000555      0.6295826      0.0000567
168.00      0.5473236      0.0000281      0.6119111      0.0000553      0.6297257      0.0000562
168.50      0.5473405      0.0000283      0.6118931      0.0000555      0.6295291      0.0000566
169.00      0.5472892      0.0000282      0.6120810      0.0000554      0.6297819      0.0000565
169.50      0.5470857      0.0000283      0.6120884      0.0000554      0.6301660      0.0000568
170.00      0.5471072      0.0000284      0.6121307      0.0000555      0.6300524      0.0000565
170.50      0.5470720      0.0000283      0.6120909      0.0000553      0.6301827      0.0000563
171.00      0.5469546      0.0000283      0.6121280      0.0000552      0.6302329      0.0000566
171.50      0.5470944      0.0000281      0.6120297      0.0000554      0.6303186      0.0000568
172.00      0.5470624      0.0000281      0.6121750      0.0000553      0.6302632      0.0000571
172.50      0.5470692      0.0000283      0.6123841      0.0000554      0.6303330      0.0000570
173.00      0.5468979      0.0000283      0.6126481      0.0000556      0.6302417      0.0000564
173.50      0.5469530      0.0000285      0.6120929      0.0000554      0.6307045      0.0000567
174.00      0.5468543      0.0000285      0.6124749      0.0000556      0.6305815      0.0000565
174.50      0.5468182      0.0000283      0.6123448      0.0000554      0.6308041      0.0000567
175.00      0.5466968      0.0000281      0.6127721      0.0000554      0.6307714      0.0000563
175.50      0.5467496      0.0000284      0.6124567      0.0000558      0.6309701      0.0000567
176.00      0.5466462      0.0000283      0.6125540      0.0000555      0.6310937      0.0000568
176.50      0.5466462      0.0000282      0.6126271      0.0000555      0.6311272      0.0000564
177.00      0.5466280      0.0000283      0.6125459      0.0000554      0.6313799      0.0000570
177.50      0.5467074      0.0000283      0.6124914      0.0000552      0.6311341      0.0000568
178.00      0.5465456      0.0000285      0.6125306      0.0000555      0.6314084      0.0000567
178.50      0.5465695      0.0000284      0.6123601      0.0000558      0.6315783      0.0000569
179.00      0.5465495      0.0000282      0.6124628      0.0000554      0.6312195      0.0000567
179.50      0.5463798      0.0000282      0.6126707      0.0000554      0.6316765      0.0000570
180.00      0.5466580      0.0000282      0.6124766      0.0000553      0.6313755      0.0000566
180.50      0.5464445      0.0000284      0.6126981      0.0000553      0.6317693      0.0000570
181.00      0.5463502      0.0000284      0.6128656      0.0000556      0.6317999      0.0000568
181.50      0.5462748      0.0000285      0.6130052      0.0000556      0.6318780      0.0000569
182.00      0.5463440      0.0000285      0.6127660      0.0000553      0.6318617      0.0000570
182.50      0.5464521      0.0000284      0.6123515      0.0000554      0.6319160      0.0000563
183.00      0.5462444      0.0000283      0.6130116      0.0000553      0.6319948      0.0000567
183.50      0.5462515      0.0000282      0.6129791      0.0000553      0.6321404      0.0000566
184.00      0.5461101      0.0000284      0.6128320      0.0000554      0.6322588      0.0000565
184.50      0.5461717      0.0000284      0.6128377      0.0000557      0.6324510      0.0000567
185.00      0.5461642      0.0000283      0.6129196      0.0000551      0.6323432      0.0000569
185.50      0.5461213      0.0000286      0.6129201      0.0000558      0.6324033      0.0000566
186.00      0.5459946      0.0000285      0.6129204      0.0000555      0.6326637      0.0000568
186.50      0.5460024      0.0000284      0.6130796      0.0000553      0.6327992      0.0000568
187.00      0.5460572      0.0000283      0.6128576      0.0000553      0.6325701      0.0000567
187.50      0.5459102      0.0000286      0.6131725      0.0000557      0.6326840      0.0000571
188.00      0.5460132      0.0000285      0.6129239      0.0000554      0.6328860      0.0000567
188.50      0.5459279      0.0000285      0.6130279      0.0000555      0.6330457      0.0000567
189.00      0.5458080      0.0000284      0.6130651      0.0000553      0.6331060      0.0000566
189.50      0.5457186      0.0000284      0.6132713      0.0000553      0.6332724      0.0000569
190.00      0.5458533      0.0000284      0.6131588      0.0000555      0.6331382      0.0000565
190.50      0.5457226      0.0000285      0.6131491      0.0000556      0.6334172      0.0000569
191.00      0.5457781      0.0000285      0.6133162      0.0000561      0.6332862      0.0000564
191.50      0.5456075      0.0000285      0.6133156      0.0000555      0.6334479      0.0000570
192.00      0.5456692      0.0000285      0.6130848      0.0000558      0.6336604      0.0000565
192.50      0.5455216      0.0000285      0.6132312      0.0000558      0.6337719      0.0000568
193.00      0.5456327      0.0000282      0.6132155      0.0000552      0.6338226      0.0000563
193.50      0.5456152      0.0000283      0.6132816      0.0000555      0.6335160      0.0000566
194.00      0.5453409      0.0000284      0.6134958      0.0000556      0.6340755      0.0000571
194.50      0.5454458      0.0000285      0.6135368      0.0000556      0.6339890      0.0000571
195.00      0.5454673      0.0000286      0.6135557      0.0000556      0.6338125      0.0000571
195.50      0.5454048      0.0000284      0.6134939      0.0000554      0.6340537      0.0000570
196.00      0.5453984      0.0000286      0.6133802      0.0000553      0.6340320      0.0000571
196.50      0.5455286      0.0000286      0.6133364      0.0000554      0.6340361      0.0000569
197.00      0.5453928      0.0000286      0.6133904      0.0000554      0.6343367      0.0000571
197.50      0.5454159      0.0000286      0.6132198      0.0000555      0.6343917      0.0000570
198.00      0.5452667      0.0000285      0.6134229      0.0000555      0.6345838      0.0000570
198.50      0.5450555      0.0000282      0.6137444      0.0000554      0.6346857      0.0000565
199.00      0.5452248      0.0000286      0.6132448      0.0000553      0.6346726      0.0000572
199.50      0.5451352      0.0000284      0.6136986      0.0000555      0.6348368      0.0000571
200.00      0.5450795      0.0000285      0.6137624      0.0000554      0.6348175      0.0000572
200.50      0.5449693      0.0000285      0.6139346      0.0000552      0.6349892      0.0000571
201.00      0.5451137      0.0000284      0.6136371      0.0000557      0.6348391      0.0000567
201.50      0.5448720      0.0000285      0.6137506      0.0000555      0.6351058      0.0000569
202.00      0.5449561      0.0000282      0.6138650      0.0000554      0.6350919      0.0000565
202.50      0.5449391      0.0000284      0.6138897      0.0000556      0.6351190      0.0000567
203.00      0.5450429      0.0000285      0.6134821      0.0000552      0.6353738      0.0000572
203.50      0.5449950      0.0000285      0.6135958      0.0000556      0.6352460      0.0000569
204.00      0.5446598      0.0000284      0.6140626      0.0000558      0.6356271      0.0000571
204.50      0.5446674      0.0000285      0.6140073      0.0000551      0.6356100      0.0000568
205.00      0.5446060      0.0000282      0.6140176      0.0000555      0.6358706      0.0000570
205.50      0.5447032      0.0000284      0.6138155      0.0000555      0.6359452      0.0000571
206.00      0.5446609      0.0000285      0.6143045      0.0000557      0.6356130      0.0000573
206.50      0.5446424      0.0000284      0.6139084      0.0000554      0.6358044      0.0000572
207.00      0.5446244      0.0000285      0.6140576      0.0000555      0.6359185      0.0000573
207.50      0.5446386      0.0000283      0.6139391      0.0000557      0.6361584      0.0000569
208.00      0.5443076      0.0000288      0.6141926      0.0000555      0.6366000      0.0000573
208.50      0.5446316      0.0000284      0.6140300      0.0000554      0.6359889      0.0000569
209.00      0.5444777      0.0000284      0.6141688      0.0000554      0.6363126      0.0000570
209.50      0.5444262      0.0000284      0.6141939      0.0000556      0.6362587      0.0000569
210.00      0.5444393      0.0000284      0.6143195      0.0000555      0.6363053      0.0000568
210.50      0.5442238      0.0000285      0.6146874      0.0000556      0.6366252      0.0000566
211.00      0.5443094      0.0000285      0.6142300      0.0000555      0.6366370      0.0000569
211.50      0.5442663      0.0000288      0.6143469      0.0000560      0.6368144      0.0000569
212.00      0.5442879      0.0000284      0.6144105      0.0000555      0.6365679      0.0000572
212.50      0.5442892      0.0000285      0.6143057      0.0000553      0.6367169      0.0000571
213.00      0.5441233      0.0000284      0.6143362      0.0000557      0.6370057      0.0000569
213.50      0.5440946      0.0000286      0.6143967      0.0000555      0.6370477      0.0000573
214.00      0.5440722      0.0000287      0.6143825      0.0000554      0.6372273      0.0000569
214.50      0.5440154      0.0000284      0.6145763      0.0000556      0.6373540      0.0000569
215.00      0.5442377      0.0000288      0.6143929      0.0000557      0.6370122      0.0000572
215.50      0.5440827      0.0000287      0.6144458      0.0000555      0.6372267      0.0000572
216.00      0.5439898      0.0000286      0.6144657      0.0000552      0.6374780      0.0000575
216.50      0.5440496      0.0000285      0.6146027      0.0000559      0.6374143      0.0000569
217.00      0.5439173      0.0000283      0.6145840      0.0000555      0.6375206      0.0000570
217.50      0.5437832      0.0000285      0.6146778      0.0000555      0.6377704      0.0000568
218.00      0.5437580      0.0000287      0.6147337      0.0000559      0.6378724      0.0000572
218.50      0.5438096      0.0000284      0.6147669      0.0000552      0.6378669      0.0000571
219.00      0.5437204      0.0000286      0.6147584      0.0000553      0.6380269      0.0000569
219.50      0.5437470      0.0000286      0.6148845      0.0000555      0.6380747      0.0000572
220.00      0.5435666      0.0000288      0.6149719      0.0000557      0.6381373      0.0000574
220.50      0.5435920      0.0000286      0.6147196      0.0000556      0.6383878      0.0000569
221.00      0.5437387      0.0000285      0.6146032      0.0000553      0.6382586      0.0000569
221.50      0.5435270      0.0000287      0.6147700      0.0000555      0.6384413      0.0000574
222.00      0.5435366      0.0000280      0.6147938      0.0000554      0.6383780      0.0000565
222.50      0.5433890      0.0000286      0.6151030      0.0000557      0.6385945      0.0000569
223.00      0.5434301      0.0000286      0.6149827      0.0000558      0.6387273      0.0000570
223.50      0.5434262      0.0000287      0.6151359      0.0000555      0.6386660      0.0000574
224.00      0.5433693      0.0000286      0.6149802      0.0000555      0.6388734      0.0000571
224.50      0.5433795      0.0000286      0.6151498      0.0000553      0.6388595      0.0000566
225.00      0.5433514      0.0000285      0.6150226      0.0000556      0.6389469      0.0000573
225.50      0.5433256      0.0000284      0.6150701      0.0000554      0.6388500      0.0000570
226.00      0.5432351      0.0000286      0.6150592      0.0000560      0.6392500      0.0000569
226.50      0.5433165      0.0000286      0.6149158      0.0000559      0.6391210      0.0000570
227.00      0.5432578      0.0000286      0.6150083      0.0000554      0.6393737      0.0000572
227.50      0.5430253      0.0000286      0.6152523      0.0000555      0.6394595      0.0000573
228.00      0.5430727      0.0000287      0.6150100      0.0000556      0.6393811      0.0000575
228.50      0.5431676      0.0000285      0.6150192      0.0000555      0.6395573      0.0000571
229.00      0.5429276      0.0000287      0.6153531      0.0000553      0.6397019      0.0000573
229.50      0.5429570      0.0000287      0.6152606      0.0000556      0.6399246      0.0000572
230.00      0.5429498      0.0000288      0.6153887      0.0000557      0.6397939      0.0000574
230.50      0.5430371      0.0000288      0.6151784      0.0000559      0.6397709      0.0000571
231.00      0.5428165      0.0000287      0.6156068      0.0000555      0.6400529      0.0000574
231.50      0.5429750      0.0000287      0.6152908      0.0000557      0.6399290      0.0000572
232.00      0.5429222      0.0000286      0.6155280      0.0000557      0.6397483      0.0000573
232.50      0.5426699      0.0000286      0.6156717      0.0000552      0.6401468      0.0000573
233.00      0.5427200      0.0000287      0.6155417      0.0000552      0.6401985      0.0000569
233.50      0.5428665      0.0000288      0.6154679      0.0000557      0.6402252      0.0000573
234.00      0.5426526      0.0000287      0.6154222      0.0000560      0.6404167      0.0000569
234.50      0.5426568      0.0000284      0.6154556      0.0000555      0.6404379      0.0000571
235.00      0.5426244      0.0000286      0.6154005      0.0000556      0.6404761      0.0000570
235.50      0.5426977      0.0000285      0.6155884      0.0000557      0.6404660      0.0000571
236.00      0.5426336      0.0000288      0.6155524      0.0000554      0.6406910      0.0000575
236.50      0.5424244      0.0000287      0.6156835      0.0000555      0.6410665      0.0000574
237.00      0.5426168      0.0000287      0.6156474      0.0000554      0.6406087      0.0000573
237.50      0.5422198      0.0000288      0.6157919      0.0000556      0.6412925      0.0000571
238.00      0.5423134      0.0000286      0.6158961      0.0000558      0.6413277      0.0000570
238.50      0.5425262      0.0000286      0.6155421      0.0000552      0.6408269      0.0000578
239.00      0.5422290      0.0000283      0.6158655      0.0000555      0.6414166      0.0000571
239.50      0.5423050      0.0000286      0.6160214      0.0000556      0.6411599      0.0000575
240.00      0.5423076      0.0000286      0.6158861      0.0000556      0.6412318      0.0000574
240.50      0.5421677      0.0000288      0.6159075      0.0000560      0.6416526      0.0000571
241.00      0.5420907      0.0000288      0.6160944      0.0000558      0.6416434      0.0000574
241.50      0.5421586      0.0000287      0.6160681      0.0000560      0.6414904      0.0000573
242.00      0.5420344      0.0000289      0.6162340      0.0000557      0.6417224      0.0000577
242.50      0.5420378      0.0000285      0.6158833      0.0000555      0.6419114      0.0000570
243.00      0.5420116      0.0000289      0.6160877      0.0000556      0.6418621      0.0000572
243.50      0.5420486      0.0000290      0.6160872      0.0000557      0.6421032      0.0000574
244.00      0.5418772      0.0000287      0.6161798      0.0000555      0.6420657      0.0000574
244.50      0.5418794      0.0000288      0.6160232      0.0000560      0.6422379      0.0000571
245.00      0.5418700      0.0000288      0.6161153      0.0000555      0.6420391      0.0000575
245.50      0.5420231      0.0000289      0.6162808      0.0000555      0.6420912      0.0000573
246.00      0.5418357      0.0000288      0.6161245      0.0000560      0.6423718      0.0000571
246.50      0.5417459      0.0000287      0.6163775      0.0000557      0.6424033      0.0000573
247.00      0.5418262      0.0000289      0.6161977      0.0000560      0.6426582      0.0000575
247.50      0.5418019      0.0000289      0.6161202      0.0000556      0.6426770      0.0000576
248.00      0.5416542      0.0000289      0.6164010      0.0000558      0.6426944      0.0000575
248.50      0.5416100      0.0000290      0.6165070      0.0000558      0.6424716      0.0000574
249.00      0.5415686      0.0000289      0.6162445      0.0000556      0.6430797      0.0000572
249.50      0.5416480      0.0000286      0.6162991      0.0000556      0.6429884      0.0000575
250.00      0.5415688      0.0000288      0.6162698      0.0000555      0.6429740      0.0000573
250.50      0.5413918      0.0000289      0.6165359      0.0000556      0.6432754      0.0000574
251.00      0.5413916      0.0000289      0.6164350      0.0000557      0.6432103      0.0000572
251.50      0.5414933      0.0000288      0.6163686      0.0000557      0.6432782      0.0000573
252.00      0.5413878      0.0000288      0.6164058      0.0000557      0.6433082      0.0000575
252.50      0.5412713      0.0000287      0.6166567      0.0000556      0.6435182      0.0000572
253.00      0.5411992      0.0000286      0.6165144      0.0000558      0.6439358      0.0000571
253.50      0.5412931      0.0000289      0.6165102      0.0000556      0.6437035      0.0000575
254.00      0.5411473      0.0000289      0.6167261      0.0000556      0.6438607      0.0000573
254.50      0.5410784      0.0000288      0.6165398      0.0000556      0.6440481      0.0000576
255.00      0.5411889      0.0000288      0.6168079      0.0000559      0.6438075      0.0000575
255.50      0.5410568      0.0000288      0.6168257      0.0000558      0.6438060      0.0000577
256.00      0.5411871      0.0000288      0.6166805      0.0000555      0.6439651      0.0000574
256.50      0.5409965      0.0000285      0.6167019      0.0000553      0.6441004      0.0000573
257.00      0.5409427      0.0000290      0.6166646      0.0000557      0.6443422      0.0000576
257.50      0.5409004      0.0000289      0.6168972      0.0000555      0.6444439      0.0000577
258.00      0.5409232      0.0000287      0.6170021      0.0000555      0.6444207      0.0000573
258.50      0.5408226      0.0000289      0.6170514      0.0000558      0.6444880      0.0000575
259.00      0.5407933      0.0000288      0.6170122      0.0000554      0.6447747      0.0000576
259.50      0.5408364      0.0000290      0.6169240      0.0000556      0.6446134      0.0000577
260.00      0.5409921      0.0000288      0.6167682      0.0000558      0.6445501      0.0000572
260.50      0.5407205      0.0000288      0.6171425      0.0000554      0.6448742      0.0000577
261.00      0.5407484      0.0000287      0.6168742      0.0000555      0.6448280      0.0000575
261.50      0.5405142      0.0000288      0.6174006      0.0000556      0.6449441      0.0000571
262.00      0.5406030      0.0000289      0.6168836      0.0000556      0.6450804      0.0000571
262.50      0.5407283      0.0000290      0.6171606      0.0000558      0.6447821      0.0000575
263.00      0.5405456      0.0000290      0.6171483      0.0000557      0.6453984      0.0000573
263.50      0.5405190      0.0000288      0.6171349      0.0000557      0.6451860      0.0000574
264.00      0.5406905      0.0000288      0.6168173      0.0000558      0.6453496      0.0000575
264.50      0.5403393      0.0000287      0.6172988      0.0000556      0.6457608      0.0000572
265.00      0.5403833      0.0000288      0.6172565      0.0000552      0.6456265      0.0000572
265.50      0.5404834      0.0000287      0.6172068      0.0000556      0.6456001      0.0000578
266.00      0.5404308      0.0000289      0.6171918      0.0000559      0.6455236      0.0000574
266.50      0.5402706      0.0000289      0.6175333      0.0000555      0.6456875      0.0000574
267.00      0.5402974      0.0000290      0.6171590      0.0000555      0.6460309      0.0000575
267.50      0.5402929      0.0000290      0.6173206      0.0000555      0.6458295      0.0000577
268.00      0.5400459      0.0000290      0.6176809      0.0000561      0.6461496      0.0000575
268.50      0.5403111      0.0000289      0.6170869      0.0000558      0.6460592      0.0000575
269.00      0.5401210      0.0000290      0.6175049      0.0000557      0.6461202      0.0000575
269.50      0.5400240      0.0000290      0.6175055      0.0000557      0.6463623      0.0000576
270.00      0.5401294      0.0000288      0.6176271      0.0000557      0.6461650      0.0000575
270.50      0.5400423      0.0000288      0.6174704      0.0000554      0.6465771      0.0000575
271.00      0.5400777      0.0000290      0.6175664      0.0000560      0.6466561      0.0000575
271.50      0.5399747      0.0000289      0.6176625      0.0000557      0.6465569      0.0000575
272.00      0.5398756      0.0000290      0.6176693      0.0000556      0.6467624      0.0000578
272.50      0.5400268      0.0000289      0.6176208      0.0000557      0.6465137      0.0000575
273.00      0.5398768      0.0000290      0.6173992      0.0000557      0.6468708      0.0000574
273.50      0.5397742      0.0000289      0.6175931      0.0000555      0.6470770      0.0000577
274.00      0.5397407      0.0000288      0.6175399      0.0000556      0.6473173      0.0000572
274.50      0.5398740      0.0000290      0.6175176      0.0000556      0.6467995      0.0000580
275.00      0.5398533      0.0000288      0.6175271      0.0000556      0.6471076      0.0000577
275.50      0.5396899      0.0000291      0.6178162      0.0000559      0.6470931      0.0000574
276.00      0.5396621      0.0000290      0.6176494      0.0000554      0.6474888      0.0000574
276.50      0.5395400      0.0000287      0.6178820      0.0000556      0.6475502      0.0000582
277.00      0.5396435      0.0000289      0.6176579      0.0000557      0.6475012      0.0000574
277.50      0.5393938      0.0000292      0.6178512      0.0000558      0.6477849      0.0000576
278.00      0.5394918      0.0000289      0.6180659      0.0000558      0.6475834      0.0000574
278.50      0.5395780      0.0000292      0.6178577      0.0000561      0.6474881      0.0000576
279.00      0.5393947      0.0000291      0.6178603      0.0000559      0.6479465      0.0000579
279.50      0.5393705      0.0000289      0.6180527      0.0000559      0.6479437      0.0000574
280.00      0.5391623      0.0000289      0.6181995      0.0000552      0.6482543      0.0000577
280.50      0.5393010      0.0000291      0.6178605      0.0000556      0.6482816      0.0000580
281.00      0.5391744      0.0000289      0.6180956      0.0000560      0.6483367      0.0000577
281.50      0.5392912      0.0000290      0.6179200      0.0000554      0.6483293      0.0000581
282.00      0.5393630      0.0000291      0.6179413      0.0000560      0.6482281      0.0000577
282.50      0.5390664      0.0000292      0.6183280      0.0000555      0.6486595      0.0000578
283.00      0.5391970      0.0000291      0.6180703      0.0000556      0.6485577      0.0000578
283.50      0.5390733      0.0000290      0.6183548      0.0000555      0.6486588      0.0000580
284.00      0.5389813      0.0000290      0.6182765      0.0000557      0.6488027      0.0000578
284.50      0.5390676      0.0000288      0.6182457      0.0000554      0.6488830      0.0000577
285.00      0.5389456      0.0000291      0.6182714      0.0000558      0.6488845      0.0000580
285.50      0.5389168      0.0000288      0.6185063      0.0000559      0.6488869      0.0000576
286.00      0.5390340      0.0000290      0.6182493      0.0000560      0.6490497      0.0000577
286.50      0.5389253      0.0000289      0.6184279      0.0000556      0.6491122      0.0000577
287.00      0.5387271      0.0000290      0.6183320      0.0000554      0.6494026      0.0000581
287.50      0.5388582      0.0000290      0.6182250      0.0000556      0.6492472      0.0000577
288.00      0.5387289      0.0000292      0.6186782      0.0000558      0.6493864      0.0000576
288.50      0.5386511      0.0000290      0.6186400      0.0000559      0.6494624      0.0000576
289.00      0.5387408      0.0000291      0.6184006      0.0000555      0.6496997      0.0000577
289.50      0.5385587      0.0000291      0.6183128      0.0000559      0.6498939      0.0000580
290.00      0.5386879      0.0000288      0.6185569      0.0000555      0.6497416      0.0000573
290.50      0.5386643      0.0000288      0.6187530      0.0000555      0.6496587      0.0000578
291.00      0.5384299      0.0000291      0.6186403      0.0000558      0.6501186      0.0000580
291.50      0.5384335      0.0000292      0.6188346      0.0000558      0.6501254      0.0000578
292.00      0.5384879      0.0000289      0.6187215      0.0000553      0.6501659      0.0000576
292.50      0.5383639      0.0000288      0.6188600      0.0000554      0.6501263      0.0000574
293.00      0.5384930      0.0000291      0.6185827      0.0000555      0.6502291      0.0000582
293.50      0.5383561      0.0000291      0.6187294      0.0000560      0.6502436      0.0000577
294.00      0.5385100      0.0000290      0.6185001      0.0000554      0.6501642      0.0000577
294.50      0.5380891      0.0000291      0.6192459      0.0000558      0.6505521      0.0000577
295.00      0.5381579      0.0000289      0.6189237      0.0000556      0.6507839      0.0000581
295.50      0.5383223      0.0000291      0.6187609      0.0000557      0.6505993      0.0000577
296.00      0.5381718      0.0000291      0.6190360      0.0000559      0.6506827      0.0000576
296.50      0.5381431      0.0000289      0.6189391      0.0000558      0.6509332      0.0000576
297.00      0.5380934      0.0000289      0.6188889      0.0000554      0.6508163      0.0000577
297.50      0.5382071      0.0000291      0.6188483      0.0000558      0.6507914      0.0000578
298.00      0.5379128      0.0000290      0.6191262      0.0000557      0.6511295      0.0000577
298.50      0.5378814      0.0000289      0.6191348      0.0000555      0.6512750      0.0000580
299.00      0.5379312      0.0000292      0.6189240      0.0000560      0.6513023      0.0000575
299.50      0.5377194      0.0000288      0.6192027      0.0000555      0.6515833      0.0000577
300.00      0.5380062      0.0000292      0.6190504      0.0000559      0.6512508      0.0000579
300.50      0.5378014      0.0000292      0.6192509      0.0000560      0.6514800      0.0000577
301.00      0.5377765      0.0000291      0.6191013      0.0000555      0.6518902      0.0000578
301.50      0.5377978      0.0000291      0.6190983      0.0000557      0.6515398      0.0000577
302.00      0.5377867      0.0000287      0.6189741      0.0000558      0.6518591      0.0000577
302.50      0.5377528      0.0000291      0.6191939      0.0000557      0.6518252      0.0000579
303.00      0.5376251      0.0000291      0.6190666      0.0000560      0.6522903      0.0000577
303.50      0.5376081      0.0000292      0.6192446      0.0000559      0.6518972      0.0000578
304.00      0.5377584      0.0000290      0.6191914      0.0000558      0.6518363      0.0000578
304.50      0.5376364      0.0000291      0.6192875      0.0000557      0.6520350      0.0000577
305.00      0.5373941      0.0000293      0.6195600      0.0000556      0.6522595      0.0000577
305.50      0.5374149      0.0000290      0.6194188      0.0000559      0.6525884      0.0000578
306.00      0.5374370      0.0000291      0.6195613      0.0000557      0.6523917      0.0000578
306.50      0.5374597      0.0000292      0.6196978      0.0000559      0.6522864      0.0000579
307.00      0.5373082      0.0000291      0.6196172      0.0000557      0.6525995      0.0000577
307.50      0.5374151      0.0000293      0.6193750      0.0000557      0.6526111      0.0000578
308.00      0.5372840      0.0000291      0.6194355      0.0000556      0.6527156      0.0000579
308.50      0.5371701      0.0000293      0.6195794      0.0000559      0.6529142      0.0000576
309.00      0.5372320      0.0000289      0.6195158      0.0000560      0.6531917      0.0000579
309.50      0.5369958      0.0000293      0.6198804      0.0000556      0.6531699      0.0000582
310.00      0.5369493      0.0000291      0.6197638      0.0000561      0.6534504      0.0000575
310.50      0.5369806      0.0000292      0.6199602      0.0000558      0.6533042      0.0000580
311.00      0.5372689      0.0000287      0.6195231      0.0000555      0.6530346      0.0000577
311.50      0.5371806      0.0000293      0.6195066      0.0000557      0.6532409      0.0000580
312.00      0.5369257      0.0000291      0.6197935      0.0000556      0.6535088      0.0000579
312.50      0.5368658      0.0000292      0.6197733      0.0000558      0.6536625      0.0000582
313.00      0.5368549      0.0000292      0.6198770      0.0000560      0.6536071      0.0000577
313.50      0.5370334      0.0000290      0.6195371      0.0000558      0.6534756      0.0000577
314.00      0.5368236      0.0000292      0.6198562      0.0000558      0.6537303      0.0000581
314.50      0.5369583      0.0000290      0.6197853      0.0000557      0.6536668      0.0000579
315.00      0.5366078      0.0000291      0.6202543      0.0000558      0.6540682      0.0000580
315.50      0.5366949      0.0000291      0.6199617      0.0000555      0.6539409      0.0000581
316.00      0.5368563      0.0000290      0.6197566      0.0000557      0.6539773      0.0000575
316.50      0.5365633      0.0000293      0.6201764      0.0000562      0.6542238      0.0000580
317.00      0.5366277      0.0000289      0.6200445      0.0000559      0.6543341      0.0000580
317.50      0.5364892      0.0000293      0.6202281      0.0000558      0.6543383      0.0000580
318.00      0.5366352      0.0000292      0.6199459      0.0000555      0.6542016      0.0000581
318.50      0.5365854      0.0000293      0.6200535      0.0000556      0.6544991      0.0000585
319.00      0.5365530      0.0000294      0.6201565      0.0000561      0.6544162      0.0000584
319.50      0.5364494      0.0000290      0.6201824      0.0000558      0.6546155      0.0000580
320.00      0.5363750      0.0000293      0.6201371      0.0000558      0.6548387      0.0000578
320.50      0.5361356      0.0000293      0.6202779      0.0000555      0.6551699      0.0000582
321.00      0.5363510      0.0000290      0.6201027      0.0000555      0.6550226      0.0000580
321.50      0.5362092      0.0000291      0.6203793      0.0000557      0.6550232      0.0000578
322.00      0.5360736      0.0000292      0.6204679      0.0000560      0.6551388      0.0000578
322.50      0.5361788      0.0000292      0.6206345      0.0000558      0.6551079      0.0000584
323.00      0.5359927      0.0000292      0.6205598      0.0000557      0.6554515      0.0000582
323.50      0.5360472      0.0000292      0.6204685      0.0000556      0.6554579      0.0000581
324.00      0.5362915      0.0000290      0.6203289      0.0000558      0.6551528      0.0000575
324.50      0.5361088      0.0000293      0.6201576      0.0000558      0.6555388      0.0000579
325.00      0.5360526      0.0000295      0.6204226      0.0000558      0.6556169      0.0000582
325.50      0.5360678      0.0000292      0.6203009      0.0000558      0.6556474      0.0000579
326.00      0.5360910      0.0000293      0.6204313      0.0000557      0.6556152      0.0000580
326.50      0.5358248      0.0000294      0.6208241      0.0000561      0.6557202      0.0000579
327.00      0.5358688      0.0000292      0.6205674      0.0000559      0.6560383      0.0000574
327.50      0.5357629      0.0000294      0.6208388      0.0000560      0.6559062      0.0000582
328.00      0.5357889      0.0000294      0.6207189      0.0000554      0.6560608      0.0000584
328.50      0.5358567      0.0000292      0.6206028      0.0000560      0.6559554      0.0000581
329.00      0.5356762      0.0000290      0.6210024      0.0000556      0.6562011      0.0000576
329.50      0.5356407      0.0000293      0.6207079      0.0000560      0.6565488      0.0000580
330.00      0.5354789      0.0000289      0.6208263      0.0000555      0.6564972      0.0000577
330.50      0.5355549      0.0000294      0.6210021      0.0000559      0.6563961      0.0000581
331.00      0.5354537      0.0000291      0.6208882      0.0000556      0.6567574      0.0000582
331.50      0.5355388      0.0000291      0.6210099      0.0000554      0.6565160      0.0000581
332.00      0.5355896      0.0000290      0.6206605      0.0000559      0.6568616      0.0000579
332.50      0.5352263      0.0000291      0.6209539      0.0000559      0.6572697      0.0000581
333.00      0.5354541      0.0000290      0.6208757      0.0000553      0.6569530      0.0000579
333.50      0.5351592      0.0000294      0.6210181      0.0000559      0.6572329      0.0000579
334.00      0.5352444      0.0000294      0.6209239      0.0000560      0.6572495      0.0000583
334.50      0.5354598      0.0000292      0.6210221      0.0000559      0.6568933      0.0000578
335.00      0.5351877      0.0000293      0.6210916      0.0000554      0.6575333      0.0000580
335.50      0.5352278      0.0000290      0.6212725      0.0000552      0.6573408      0.0000577
336.00      0.5351412      0.0000294      0.6210903      0.0000558      0.6576602      0.0000580
336.50      0.5349329      0.0000293      0.6211795      0.0000557      0.6578368      0.0000583
337.00      0.5349820      0.0000294      0.6213195      0.0000559      0.6578906      0.0000584
337.50      0.5350074      0.0000293      0.6211879      0.0000561      0.6577244      0.0000582
338.00      0.5349220      0.0000294      0.6213864      0.0000557      0.6578955      0.0000583
338.50      0.5348677      0.0000294      0.6213328      0.0000556      0.6579802      0.0000581
339.00      0.5349399      0.0000291      0.6214276      0.0000560      0.6578507      0.0000580
339.50      0.5349179      0.0000294      0.6212938      0.0000559      0.6579980      0.0000582
340.00      0.5348321      0.0000294      0.6214491      0.0000557      0.6583569      0.0000587
340.50      0.5348536      0.0000292      0.6212506      0.0000554      0.6582403      0.0000579
341.00      0.5347276      0.0000293      0.6214090      0.0000555      0.6584724      0.0000585
341.50      0.5347066      0.0000293      0.6215157      0.0000558      0.6584011      0.0000582
342.00      0.5348222      0.0000294      0.6213446      0.0000557      0.6585651      0.0000585
342.50      0.5344836      0.0000295      0.6215337      0.0000560      0.6590409      0.0000582
343.00      0.5345981      0.0000292      0.6215614      0.0000555      0.6586458      0.0000582
343.50      0.5345540      0.0000294      0.6216124      0.0000559      0.6589761      0.0000586
344.00      0.5344996      0.0000291      0.6215044      0.0000560      0.6588598      0.0000580
344.50      0.5344335      0.0000293      0.6216514      0.0000562      0.6590966      0.0000582
345.00      0.5344967      0.0000291      0.6216318      0.0000556      0.6590587      0.0000579
345.50      0.5344481      0.0000297      0.6217024      0.0000557      0.6590635      0.0000587
346.00      0.5345619      0.0000294      0.6216438      0.0000557      0.6591005      0.0000584
346.50      0.5342790      0.0000293      0.6220381      0.0000558      0.6592480      0.0000580
347.00      0.5342771      0.0000295      0.6216543      0.0000554      0.6593378      0.0000585
347.50      0.5342581      0.0000294      0.6217140      0.0000557      0.6596385      0.0000582
348.00      0.5343191      0.0000295      0.6216551      0.0000560      0.6594859      0.0000585
348.50      0.5340924      0.0000297      0.6216656      0.0000560      0.6599677      0.0000587
349.00      0.5342932      0.0000292      0.6214555      0.0000553      0.6598124      0.0000582
349.50      0.5342898      0.0000294      0.6217161      0.0000559      0.6593998      0.0000581
350.00      0.5341199      0.0000295      0.6215450      0.0000555      0.6599389      0.0000581
350.50      0.5340759      0.0000294      0.6220279      0.0000558      0.6598146      0.0000582
351.00      0.5339425      0.0000294      0.6220755      0.0000556      0.6600204      0.0000582
351.50      0.5340358      0.0000295      0.6220959      0.0000559      0.6599635      0.0000583
352.00      0.5338316      0.0000298      0.6220237      0.0000562      0.6603223      0.0000586
352.50      0.5339549      0.0000294      0.6219275      0.0000558      0.6601963      0.0000582
353.00      0.5339394      0.0000292      0.6218210      0.0000562      0.6605193      0.0000581
353.50      0.5336356      0.0000293      0.6221645      0.0000557      0.6607322      0.0000581
354.00      0.5336948      0.0000295      0.6223618      0.0000558      0.6603039      0.0000581
354.50      0.5337117      0.0000297      0.6221010      0.0000562      0.6606114      0.0000581
355.00      0.5336326      0.0000291      0.6221782      0.0000557      0.6608834      0.0000582
355.50      0.5334801      0.0000293      0.6224340      0.0000557      0.6610066      0.0000585
356.00      0.5335040      0.0000294      0.6223527      0.0000557      0.6609104      0.0000580
356.50      0.5337943      0.0000295      0.6220627      0.0000560      0.6607598      0.0000582
357.00      0.5334412      0.0000296      0.6224328      0.0000561      0.6611998      0.0000581
357.50      0.5334552      0.0000294      0.6224895      0.0000558      0.6611704      0.0000583
358.00      0.5335877      0.0000296      0.6221063      0.0000559      0.6613151      0.0000587
358.50      0.5333691      0.0000295      0.6222757      0.0000562      0.6616549      0.0000587
359.00      0.5333440      0.0000294      0.6222811      0.0000562      0.6614804      0.0000585
359.50      0.5333290      0.0000295      0.6224189      0.0000561      0.6615380      0.0000583
360.00      0.5332647      0.0000292      0.6226786      0.0000555      0.6615075      0.0000584
360.50      0.5331309      0.0000295      0.6226711      0.0000562      0.6617748      0.0000583
361.00      0.5333060      0.0000296      0.6224683      0.0000561      0.6617984      0.0000581
361.50      0.5331645      0.0000292      0.6226534      0.0000561      0.6618064      0.0000584
362.00      0.5329928      0.0000294      0.6228094      0.0000558      0.6620957      0.0000584
362.50      0.5332177      0.0000295      0.6224537      0.0000556      0.6620487      0.0000584
363.00      0.5329919      0.0000294      0.6227141      0.0000556      0.6622128      0.0000584
363.50      0.5331371      0.0000294      0.6224199      0.0000559      0.6621272      0.0000580
364.00      0.5328251      0.0000296      0.6230045      0.0000561      0.6624237      0.0000581
364.50      0.5329330      0.0000293      0.6226244      0.0000555      0.6624631      0.0000581
365.00      0.5328409      0.0000294      0.6228223      0.0000556      0.6624362      0.0000581
365.50      0.5327928      0.0000295      0.6229038      0.0000560      0.6626720      0.0000583
366.00      0.5327887      0.0000295      0.6228686      0.0000558      0.6626052      0.0000578
366.50      0.5329572      0.0000294      0.6229011      0.0000556      0.6626821      0.0000582
367.00      0.5327495      0.0000294      0.6229012      0.0000558      0.6628285      0.0000584
367.50      0.5327107      0.0000292      0.6229911      0.0000559      0.6627805      0.0000583
368.00      0.5327080      0.0000291      0.6229100      0.0000558      0.6630107      0.0000581
368.50      0.5326264      0.0000292      0.6229762      0.0000561      0.6630822      0.0000582
369.00      0.5325882      0.0000297      0.6229671      0.0000561      0.6631338      0.0000588
369.50      0.5324954      0.0000296      0.6229884      0.0000558      0.6633871      0.0000584
370.00      0.5327500      0.0000295      0.6229891      0.0000562      0.6627883      0.0000586
370.50      0.5325307      0.0000295      0.6230702      0.0000562      0.6632385      0.0000582
371.00      0.5323899      0.0000297      0.6231379      0.0000563      0.6636842      0.0000581
371.50      0.5324619      0.0000294      0.6229379      0.0000557      0.6635567      0.0000581
372.00      0.5322611      0.0000297      0.6234042      0.0000558      0.6636213      0.0000585
372.50      0.5324040      0.0000294      0.6232805      0.0000562      0.6636459      0.0000581
373.00      0.5322494      0.0000296      0.6231777      0.0000562      0.6639862      0.0000584
373.50      0.5322024      0.0000295      0.6233087      0.0000558      0.6639417      0.0000580
374.00      0.5322786      0.0000294      0.6231443      0.0000558      0.6640610      0.0000584
374.50      0.5322666      0.0000297      0.6231871      0.0000560      0.6640198      0.0000584
375.00      0.5322375      0.0000293      0.6233848      0.0000558      0.6642246      0.0000584
375.50      0.5322649      0.0000296      0.6233886      0.0000559      0.6640876      0.0000582
376.00      0.5321363      0.0000295      0.6232929      0.0000557      0.6643003      0.0000583
376.50      0.5318694      0.0000296      0.6235747      0.0000558      0.6647701      0.0000587
377.00      0.5321599      0.0000295      0.6232982      0.0000560      0.6643790      0.0000584
377.50      0.5319008      0.0000295      0.6235294      0.0000559      0.6647621      0.0000584
378.00      0.5319556      0.0000296      0.6237333      0.0000561      0.6643380      0.0000586
378.50      0.5316750      0.0000294      0.6237513      0.0000557      0.6648040      0.0000583
379.00      0.5319166      0.0000298      0.6235070      0.0000558      0.6646965      0.0000592
379.50      0.5318043      0.0000296      0.6234288      0.0000560      0.6650439      0.0000585
380.00      0.5318324      0.0000294      0.6234287      0.0000559      0.6648535      0.0000583
380.50      0.5318703      0.0000294      0.6235026      0.0000559      0.6649540      0.0000582
381.00      0.5317950      0.0000299      0.6237747      0.0000556      0.6648924      0.0000587
381.50      0.5317388      0.0000294      0.6236035      0.0000555      0.6651148      0.0000582
382.00      0.5315882      0.0000295      0.6237203      0.0000556      0.6655069      0.0000582
382.50      0.5316279      0.0000298      0.6238303      0.0000557      0.6652235      0.0000587
383.00      0.5316219      0.0000296      0.6237394      0.0000555      0.6654403      0.0000586
383.50      0.5313838      0.0000298      0.6238614      0.0000562      0.6658186      0.0000585
384.00      0.5314189      0.0000296      0.6237777      0.0000560      0.6657703      0.0000581
384.50      0.5314436      0.0000295      0.6239864      0.0000554      0.6655488      0.0000582
385.00      0.5313344      0.0000295      0.6239819      0.0000557      0.6658047      0.0000585
385.50      0.5314270      0.0000294      0.6239017      0.0000555      0.6658912      0.0000580
386.00      0.5312674      0.0000296      0.6238206      0.0000557      0.6662756      0.0000586
386.50      0.5314121      0.0000298      0.6237673      0.0000559      0.6658351      0.0000586
387.00      0.5312040      0.0000295      0.6238448      0.0000559      0.6663045      0.0000583
387.50      0.5312095      0.0000297      0.6242453      0.0000560      0.6660821      0.0000585
388.00      0.5310853      0.0000297      0.6240521      0.0000560      0.6663761      0.0000583
388.50      0.5310084      0.0000295      0.6241697      0.0000559      0.6663921      0.0000584
389.00      0.5308942      0.0000296      0.6242894      0.0000561      0.6668758      0.0000584
389.50      0.5309936      0.0000295      0.6239664      0.0000559      0.6668342      0.0000583
390.00      0.5308033      0.0000296      0.6243397      0.0000557      0.6669444      0.0000583
390.50      0.5308350      0.0000295      0.6240344      0.0000559      0.6670261      0.0000584
391.00      0.5309155      0.0000295      0.6240649      0.0000561      0.6671075      0.0000584
391.50      0.5308535      0.0000297      0.6241180      0.0000561      0.6671033      0.0000584
392.00      0.5307316      0.0000296      0.6244360      0.0000559      0.6672610      0.0000583
392.50      0.5306690      0.0000294      0.6246079      0.0000556      0.6670164      0.0000583
393.00      0.5305655      0.0000296      0.6243260      0.0000554      0.6676434      0.0000581
393.50      0.5307232      0.0000298      0.6243214      0.0000559      0.6673335      0.0000586
394.00      0.5305931      0.0000298      0.6243866      0.0000561      0.6676104      0.0000585
394.50      0.5305574      0.0000297      0.6245526      0.0000561      0.6676919      0.0000587
395.00      0.5306116      0.0000293      0.6244532      0.0000555      0.6676573      0.0000582
395.50      0.5306261      0.0000295      0.6242004      0.0000558      0.6676872      0.0000585
396.00      0.5304916      0.0000296      0.6244490      0.0000560      0.6678794      0.0000584
396.50      0.5304451      0.0000295      0.6243758      0.0000558      0.6679757      0.0000585
397.00      0.5304296      0.0000299      0.6244470      0.0000558      0.6680812      0.0000582
397.50      0.5303839      0.0000297      0.6244783      0.0000557      0.6679447      0.0000585
398.00      0.5303182      0.0000294      0.6244276      0.0000558      0.6681727      0.0000590
398.50      0.5302549      0.0000295      0.6246337      0.0000559      0.6683146      0.0000584
399.00      0.5301485      0.0000296      0.6247038      0.0000561      0.6683910      0.0000585
399.50      0.5302535      0.0000296      0.6246523      0.0000557      0.6685085      0.0000584
400.00      0.5301834      0.0000295      0.6246999      0.0000562      0.6687163      0.0000586
400.50      0.5301358      0.0000298      0.6248159      0.0000555      0.6685960      0.0000585
401.00      0.5300194      0.0000296      0.6247517      0.0000558      0.6687042      0.0000584
401.50      0.5299346      0.0000297      0.6247094      0.0000554      0.6690926      0.0000585
402.00      0.5300183      0.0000295      0.6248065      0.0000559      0.6690176      0.0000584
402.50      0.5301523      0.0000295      0.6247230      0.0000558      0.6687313      0.0000586
403.00      0.5297572      0.0000295      0.6249290      0.0000554      0.6693107      0.0000584
403.50      0.5298344      0.0000296      0.6250471      0.0000558      0.6692657      0.0000582
404.00      0.5299392      0.0000296      0.6249925      0.0000556      0.6693107      0.0000585
404.50      0.5296109      0.0000297      0.6252070      0.0000561      0.6695119      0.0000583
405.00      0.5297001      0.0000298      0.6251282      0.0000561      0.6694109      0.0000587
405.50      0.5296522      0.0000299      0.6249455      0.0000559      0.6698152      0.0000588
406.00      0.5297971      0.0000298      0.6248480      0.0000561      0.6695471      0.0000586
406.50      0.5296820      0.0000299      0.6251065      0.0000557      0.6695125      0.0000590
407.00      0.5296171      0.0000298      0.6252529      0.0000557      0.6695804      0.0000587
407.50      0.5296572      0.0000296      0.6251201      0.0000555      0.6696909      0.0000590
408.00      0.5296228      0.0000300      0.6252721      0.0000561      0.6695258      0.0000586
408.50      0.5295084      0.0000298      0.6252601      0.0000559      0.6700843      0.0000589
409.00      0.5294975      0.0000296      0.6252045      0.0000557      0.6699980      0.0000587
409.50      0.5295610      0.0000296      0.6252368      0.0000554      0.6699589      0.0000584
410.00      0.5293569      0.0000295      0.6254699      0.0000559      0.6701995      0.0000582
410.50      0.5293948      0.0000299      0.6252870      0.0000564      0.6703650      0.0000587
411.00      0.5292331      0.0000298      0.6253757      0.0000557      0.6706403      0.0000585
411.50      0.5292820      0.0000296      0.6254259      0.0000558      0.6703347      0.0000586
412.00      0.5291484      0.0000297      0.6254858      0.0000557      0.6706990      0.0000590
412.50      0.5292761      0.0000293      0.6255014      0.0000557      0.6708454      0.0000582
413.00      0.5291410      0.0000296      0.6254390      0.0000556      0.6704784      0.0000587
413.50      0.5291012      0.0000298      0.6255375      0.0000558      0.6704907      0.0000584
414.00      0.5292037      0.0000296      0.6254690      0.0000560      0.6706815      0.0000588
414.50      0.5290591      0.0000298      0.6255395      0.0000566      0.6710570      0.0000591
415.00      0.5290678      0.0000298      0.6255344      0.0000555      0.6710796      0.0000584
415.50      0.5291142      0.0000295      0.6252489      0.0000560      0.6712178      0.0000585
416.00      0.5288742      0.0000298      0.6256677      0.0000560      0.6713793      0.0000583
416.50      0.5287822      0.0000300      0.6255249      0.0000562      0.6715161      0.0000587
417.00      0.5287979      0.0000295      0.6257707      0.0000562      0.6713283      0.0000585
417.50      0.5287060      0.0000297      0.6257255      0.0000559      0.6716186      0.0000586
418.00      0.5287038      0.0000298      0.6255990      0.0000555      0.6718266      0.0000590
418.50      0.5286964      0.0000297      0.6259880      0.0000558      0.6714907      0.0000588
419.00      0.5287509      0.0000299      0.6256103      0.0000558      0.6717678      0.0000585
419.50      0.5285890      0.0000300      0.6258781      0.0000563      0.6722278      0.0000587
420.00      0.5286370      0.0000299      0.6260696      0.0000559      0.6717426      0.0000590
420.50      0.5284746      0.0000293      0.6259497      0.0000559      0.6721553      0.0000582
421.00      0.5285306      0.0000299      0.6258463      0.0000557      0.6720736      0.0000583
421.50      0.5282968      0.0000299      0.6259975      0.0000557      0.6724633      0.0000591
422.00      0.5284437      0.0000299      0.6257121      0.0000563      0.6725093      0.0000586
422.50      0.5282241      0.0000299      0.6260115      0.0000561      0.6725086      0.0000586
423.00      0.5282145      0.0000300      0.6260553      0.0000557      0.6726353      0.0000589
423.50      0.5283757      0.0000299      0.6259745      0.0000562      0.6727469      0.0000589
424.00      0.5281789      0.0000298      0.6261536      0.0000557      0.6728766      0.0000590
424.50      0.5280304      0.0000299      0.6263702      0.0000557      0.6729682      0.0000586
425.00      0.5281877      0.0000296      0.6260247      0.0000555      0.6729791      0.0000589
425.50      0.5280546      0.0000298      0.6264437      0.0000558      0.6730385      0.0000588
426.00      0.5280626      0.0000297      0.6260860      0.0000560      0.6730620      0.0000586
426.50      0.5279996      0.0000300      0.6263987      0.0000563      0.6731362      0.0000587
427.00      0.5281242      0.0000300      0.6260797      0.0000557      0.6731759      0.0000589
427.50      0.5280083      0.0000298      0.6261336      0.0000557      0.6732110      0.0000587
428.00      0.5278842      0.0000298      0.6262286      0.0000561      0.6734055      0.0000586
428.50      0.5281700      0.0000301      0.6261896      0.0000561      0.6732012      0.0000590
429.00      0.5278825      0.0000297      0.6263206      0.0000558      0.6737150      0.0000588
429.50      0.5280510      0.0000298      0.6262407      0.0000559      0.6733618      0.0000587
430.00      0.5277243      0.0000298      0.6264689      0.0000560      0.6737826      0.0000587
430.50      0.5277351      0.0000300      0.6264261      0.0000557      0.6738194      0.0000589
431.00      0.5277373      0.0000297      0.6265194      0.0000557      0.6738485      0.0000584
431.50      0.5278206      0.0000298      0.6263749      0.0000558      0.6736976      0.0000590
432.00      0.5278069      0.0000300      0.6263233      0.0000559      0.6738063      0.0000584
432.50      0.5275202      0.0000300      0.6266307      0.0000561      0.6741689      0.0000588
433.00      0.5274847      0.0000297      0.6266140      0.0000561      0.6742762      0.0000586
433.50      0.5275949      0.0000299      0.6267566      0.0000558      0.6744238      0.0000589
434.00      0.5273150      0.0000297      0.6265713      0.0000559      0.6747625      0.0000584
434.50      0.5276623      0.0000301      0.6265874      0.0000558      0.6742438      0.0000589
435.00      0.5271896      0.0000299      0.6267110      0.0000561      0.6747847      0.0000584
435.50      0.5273587      0.0000298      0.6269522      0.0000556      0.6745230      0.0000586
436.00      0.5274399      0.0000300      0.6265901      0.0000559      0.6745374      0.0000587
436.50      0.5271507      0.0000297      0.6269034      0.0000556      0.6746904      0.0000587
437.00      0.5273236      0.0000298      0.6267233      0.0000560      0.6748579      0.0000587
437.50      0.5272055      0.0000299      0.6268027      0.0000559      0.6751729      0.0000590
438.00      0.5270085      0.0000300      0.6268824      0.0000562      0.6753975      0.0000587
438.50      0.5271810      0.0000301      0.6270696      0.0000558      0.6751778      0.0000587
439.00      0.5271077      0.0000298      0.6269790      0.0000556      0.6751327      0.0000588
439.50      0.5268582      0.0000300      0.6269473      0.0000558      0.6756779      0.0000593
440.00      0.5270077      0.0000300      0.6269765      0.0000560      0.6755647      0.0000590
440.50      0.5268075      0.0000299      0.6269993      0.0000556      0.6757943      0.0000591
441.00      0.5268564      0.0000299      0.6271154      0.0000557      0.6757273      0.0000589
441.50      0.5267304      0.0000299      0.6272692      0.0000558      0.6758140      0.0000588
442.00      0.5269046      0.0000302      0.6268699      0.0000560      0.6757768      0.0000595
442.50      0.5265900      0.0000300      0.6272242      0.0000559      0.6761780      0.0000589
443.00      0.5268213      0.0000302      0.6268480      0.0000562      0.6762012      0.0000591
443.50      0.5265605      0.0000301      0.6274051      0.0000560      0.6761639      0.0000587
444.00      0.5266075      0.0000299      0.6272763      0.0000556      0.6760851      0.0000590
444.50      0.5265785      0.0000300      0.6272123      0.0000559      0.6764617      0.0000586
445.00      0.5266393      0.0000300      0.6271962      0.0000566      0.6763135      0.0000589
445.50      0.5265747      0.0000300      0.6273425      0.0000558      0.6763364      0.0000591
446.00      0.5265110      0.0000299      0.6271064      0.0000563      0.6767199      0.0000587
446.50      0.5266370      0.0000299      0.6272976      0.0000556      0.6761003      0.0000588
447.00      0.5265018      0.0000301      0.6273992      0.0000563      0.6763855      0.0000588
447.50      0.5264176      0.0000302      0.6273700      0.0000557      0.6768114      0.0000589
448.00      0.5262450      0.0000300      0.6276342      0.0000559      0.6769065      0.0000589
448.50      0.5261875      0.0000299      0.6276997      0.0000562      0.6770477      0.0000591
449.00      0.5264591      0.0000299      0.6274299      0.0000559      0.6767208      0.0000586
449.50      0.5262012      0.0000299      0.6275664      0.0000561      0.6772491      0.0000588
450.00      0.5261120      0.0000301      0.6277230      0.0000561      0.6773434      0.0000591
450.50      0.5261000      0.0000301      0.6275880      0.0000561      0.6774215      0.0000587
451.00      0.5260659      0.0000302      0.6276991      0.0000558      0.6773858      0.0000592
451.50      0.5261449      0.0000299      0.6275268      0.0000556      0.6773138      0.0000591
452.00      0.5260164      0.0000298      0.6277417      0.0000561      0.6775205      0.0000589
452.50      0.5259462      0.0000301      0.6276699      0.0000560      0.6777389      0.0000594
453.00      0.5258631      0.0000300      0.6276978      0.0000557      0.6779872      0.0000588
453.50      0.5259964      0.0000300      0.6275480      0.0000561      0.6778096      0.0000591
454.00      0.5258058      0.0000298      0.6276720      0.0000555      0.6780595      0.0000589
454.50      0.5256598      0.0000302      0.6278733      0.0000558      0.6782152      0.0000593
455.00      0.5257369      0.0000299      0.6277993      0.0000559      0.6783557      0.0000591
455.50      0.5258264      0.0000300      0.6278152      0.0000560      0.6780202      0.0000592
456.00      0.5256333      0.0000299      0.6280395      0.0000560      0.6784328      0.0000590
456.50      0.5256725      0.0000301      0.6278193      0.0000556      0.6783715      0.0000590
457.00      0.5256756      0.0000299      0.6279425      0.0000560      0.6784498      0.0000588
457.50      0.5255797      0.0000300      0.6279633      0.0000558      0.6785618      0.0000590
458.00      0.5255935      0.0000302      0.6281041      0.0000562      0.6785054      0.0000595
458.50      0.5253108      0.0000301      0.6279740      0.0000564      0.6789547      0.0000589
459.00      0.5253641      0.0000302      0.6280276      0.0000561      0.6788698      0.0000590
459.50      0.5253517      0.0000302      0.6281180      0.0000558      0.6791999      0.0000592
460.00      0.5250884      0.0000299      0.6284980      0.0000560      0.6793103      0.0000591
460.50      0.5252202      0.0000302      0.6280764      0.0000562      0.6792994      0.0000593
461.00      0.5252890      0.0000303      0.6280658      0.0000556      0.6789800      0.0000591
461.50      0.5254169      0.0000299      0.6282670      0.0000560      0.6787862      0.0000588
462.00      0.5251869      0.0000300      0.6281027      0.0000560      0.6794149      0.0000593
462.50      0.5252686      0.0000301      0.6282242      0.0000557      0.6792591      0.0000591
463.00      0.5250619      0.0000305      0.6285290      0.0000562      0.6794766      0.0000590
463.50      0.5249817      0.0000300      0.6283933      0.0000559      0.6796581      0.0000590
464.00      0.5250195      0.0000302      0.6283622      0.0000559      0.6795701      0.0000592
464.50      0.5248675      0.0000300      0.6282854      0.0000561      0.6802118      0.0000590
465.00      0.5250105      0.0000301      0.6283715      0.0000558      0.6797727      0.0000595
465.50      0.5249656      0.0000301      0.6283126      0.0000559      0.6796687      0.0000590
466.00      0.5246835      0.0000300      0.6286635      0.0000559      0.6800846      0.0000592
466.50      0.5248414      0.0000302      0.6285438      0.0000561      0.6800090      0.0000590
467.00      0.5247652      0.0000304      0.6285837      0.0000560      0.6800379      0.0000591
467.50      0.5246094      0.0000299      0.6285323      0.0000556      0.6807866      0.0000591
468.00      0.5247262      0.0000301      0.6286478      0.0000562      0.6803281      0.0000587
468.50      0.5246725      0.0000300      0.6286328      0.0000560      0.6803860      0.0000592
469.00      0.5246236      0.0000301      0.6285883      0.0000561      0.6804671      0.0000589
469.50      0.5245713      0.0000299      0.6288096      0.0000559      0.6806978      0.0000587
470.00      0.5244750      0.0000304      0.6289183      0.0000556      0.6806056      0.0000594
470.50      0.5243988      0.0000297      0.6288579      0.0000555      0.6808230      0.0000589
471.00      0.5243966      0.0000302      0.6287468      0.0000561      0.6809851      0.0000591
471.50      0.5244306      0.0000301      0.6289501      0.0000556      0.6810300      0.0000589
472.00      0.5244160      0.0000302      0.6287870      0.0000558      0.6810165      0.0000592
472.50      0.5243200      0.0000303      0.6288660      0.0000561      0.6812976      0.0000591
473.00      0.5241547      0.0000302      0.6290861      0.0000559      0.6814613      0.0000593
473.50      0.5243647      0.0000299      0.6287956      0.0000562      0.6814819      0.0000592
474.00      0.5241503      0.0000301      0.6288321      0.0000561      0.6816744      0.0000588
474.50      0.5242025      0.0000301      0.6290402      0.0000559      0.6815293      0.0000588
475.00      0.5240278      0.0000303      0.6291027      0.0000564      0.6817318      0.0000592
475.50      0.5240779      0.0000303      0.6290799      0.0000559      0.6816388      0.0000593
476.00      0.5239308      0.0000301      0.6292932      0.0000558      0.6816446      0.0000593
476.50      0.5238849      0.0000301      0.6292306      0.0000558      0.6821319      0.0000587
477.00      0.5238302      0.0000303      0.6291192      0.0000557      0.6822012      0.0000588
477.50      0.5239669      0.0000302      0.6287615      0.0000561      0.6821871      0.0000591
478.00      0.5238983      0.0000304      0.6288766      0.0000558      0.6821313      0.0000594
478.50      0.5237781      0.0000300      0.6291631      0.0000561      0.6823516      0.0000588
479.00      0.5238433      0.0000300      0.6292747      0.0000557      0.6821562      0.0000587
479.50      0.5238020      0.0000301      0.6293618      0.0000563      0.6822161      0.0000592
480.00      0.5236668      0.0000302      0.6293825      0.0000556      0.6824916      0.0000592
480.50      0.5236066      0.0000300      0.6295119      0.0000560      0.6825762      0.0000590
481.00      0.5236009      0.0000302      0.6293663      0.0000562      0.6827806      0.0000591
481.50      0.5235887      0.0000303      0.6296480      0.0000563      0.6825902      0.0000591
482.00      0.5234902      0.0000303      0.6297168      0.0000560      0.6826463      0.0000592
482.50      0.5233159      0.0000301      0.6293350      0.0000563      0.6832937      0.0000589
483.00      0.5234978      0.0000306      0.6293932      0.0000560      0.6832400      0.0000593
483.50      0.5234004      0.0000301      0.6295302      0.0000560      0.6832999      0.0000592
484.00      0.5233532      0.0000300      0.6298204      0.0000561      0.6830920      0.0000591
484.50      0.5232516      0.0000304      0.6295905      0.0000563      0.6832353      0.0000595
485.00      0.5232530      0.0000302      0.6295737      0.0000560      0.6834430      0.0000588
485.50      0.5231853      0.0000301      0.6296398      0.0000557      0.6833979      0.0000589
486.00      0.5231915      0.0000302      0.6294969      0.0000561      0.6837202      0.0000593
486.50      0.5231822      0.0000302      0.6297046      0.0000558      0.6835158      0.0000591
487.00      0.5230434      0.0000301      0.6296361      0.0000560      0.6839549      0.0000588
487.50      0.5232813      0.0000300      0.6295320      0.0000560      0.6835827      0.0000591
488.00      0.5230383      0.0000302      0.6297517      0.0000563      0.6839372      0.0000592
488.50      0.5228636      0.0000298      0.6299174      0.0000558      0.6840538      0.0000593
489.00      0.5230035      0.0000301      0.6297230      0.0000560      0.6839036      0.0000593
489.50      0.5229699      0.0000305      0.6297875      0.0000559      0.6841670      0.0000590
490.00      0.5229226      0.0000301      0.6299025      0.0000563      0.6841251      0.0000592
490.50      0.5226921      0.0000302      0.6300160      0.0000561      0.6845754      0.0000592
491.00      0.5226425      0.0000301      0.6299466      0.0000557      0.6847751      0.0000590
491.50      0.5228727      0.0000302      0.6297738      0.0000562      0.6844697      0.0000591
492.00      0.5225033      0.0000302      0.6302195      0.0000559      0.6849494      0.0000593
492.50      0.5224908      0.0000308      0.6302408      0.0000562      0.6849379      0.0000596
493.00      0.5227196      0.0000303      0.6300406      0.0000561      0.6845925      0.0000594
493.50      0.5224303      0.0000302      0.6299696      0.0000562      0.6849607      0.0000591
494.00      0.5225464      0.0000302      0.6298510      0.0000561      0.6850156      0.0000590
494.50      0.5224873      0.0000304      0.6304160      0.0000563      0.6850854      0.0000594
495.00      0.5225344      0.0000303      0.6301226      0.0000555      0.6850712      0.0000592
495.50      0.5224238      0.0000302      0.6301490      0.0000558      0.6852457      0.0000592
496.00      0.5222935      0.0000300      0.6304323      0.0000561      0.6856117      0.0000590
496.50      0.5224521      0.0000302      0.6300767      0.0000558      0.6851583      0.0000591
497.00      0.5221731      0.0000305      0.6302583      0.0000564      0.6856286      0.0000591
497.50      0.5222074      0.0000305      0.6302440      0.0000558      0.6856477      0.0000591
498.00      0.5222417      0.0000304      0.6300399      0.0000557      0.6858356      0.0000594
498.50      0.5221090      0.0000303      0.6305468      0.0000559      0.6859034      0.0000599
499.00      0.5220379      0.0000302      0.6303286      0.0000563      0.6860987      0.0000595
499.50      0.5219277      0.0000304      0.6305350      0.0000560      0.6861351      0.0000595
500.00      0.5220805      0.0000303      0.6303557      0.0000561      0.6859127      0.0000593
500.50      0.5219274      0.0000306      0.6304666      0.0000558      0.6863145      0.0000592
501.00      0.5218368      0.0000303      0.6307221      0.0000559      0.6863432      0.0000591
501.50      0.5219189      0.0000302      0.6307719      0.0000560      0.6863221      0.0000593
502.00      0.5218263      0.0000302      0.6307925      0.0000560      0.6862986      0.0000595
502.50      0.5217704      0.0000302      0.6306906      0.0000562      0.6862641      0.0000589
503.00      0.5217646      0.0000302      0.6305357      0.0000559      0.6866387      0.0000593
503.50      0.5217539      0.0000301      0.6307121      0.0000560      0.6865695      0.0000589
504.00      0.5217165      0.0000302      0.6305384      0.0000558      0.6866971      0.0000593
504.50      0.5216768      0.0000304      0.6303314      0.0000560      0.6871174      0.0000597
505.00      0.5217330      0.0000302      0.6305299      0.0000558      0.6869107      0.0000592
505.50      0.5213963      0.0000306      0.6309482      0.0000565      0.6873242      0.0000598
506.00      0.5215117      0.0000302      0.6308744      0.0000561      0.6874279      0.0000594
506.50      0.5215318      0.0000302      0.6305733      0.0000556      0.6874488      0.0000596
507.00      0.5214108      0.0000303      0.6309019      0.0000559      0.6872923      0.0000592
507.50      0.5214693      0.0000303      0.6306187      0.0000559      0.6874890      0.0000593
508.00      0.5213563      0.0000302      0.6309087      0.0000561      0.6874092      0.0000591
508.50      0.5214736      0.0000305      0.6309360      0.0000561      0.6872963      0.0000598
509.00      0.5213357      0.0000306      0.6310003      0.0000559      0.6876869      0.0000592
509.50      0.5211743      0.0000304      0.6311559      0.0000563      0.6877931      0.0000596
510.00      0.5213373      0.0000305      0.6309133      0.0000562      0.6876514      0.0000592
510.50      0.5210334      0.0000305      0.6309852      0.0000559      0.6881963      0.0000596
511.00      0.5211511      0.0000304      0.6311884      0.0000559      0.6880871      0.0000593
511.50      0.5209359      0.0000304      0.6310828      0.0000562      0.6882046      0.0000593
512.00      0.5209957      0.0000305      0.6311781      0.0000560      0.6881849      0.0000593
512.50      0.5208490      0.0000304      0.6312823      0.0000557      0.6885264      0.0000596
513.00      0.5208605      0.0000303      0.6313891      0.0000560      0.6884124      0.0000591
513.50      0.5209769      0.0000304      0.6310508      0.0000559      0.6884924      0.0000592
514.00      0.5209641      0.0000301      0.6311645      0.0000556      0.6884396      0.0000597
514.50      0.5208322      0.0000303      0.6311222      0.0000559      0.6885696      0.0000591
515.00      0.5208451      0.0000305      0.6312360      0.0000561      0.6886722      0.0000589
515.50      0.5207126      0.0000305      0.6313058      0.0000561      0.6889818      0.0000595
516.00      0.5206966      0.0000307      0.6311905      0.0000560      0.6889379      0.0000596
516.50      0.5206725      0.0000305      0.6313763      0.0000561      0.6889272      0.0000591
517.00      0.5205892      0.0000304      0.6314501      0.0000561      0.6891605      0.0000596
517.50      0.5205560      0.0000304      0.6314719      0.0000560      0.6891299      0.0000599
518.00      0.5204228      0.0000304      0.6315182      0.0000560      0.6892679      0.0000592
518.50      0.5204349      0.0000304      0.6314565      0.0000560      0.6895785      0.0000593
519.00      0.5203395      0.0000306      0.6313004      0.0000563      0.6897910      0.0000594
519.50      0.5204193      0.0000305      0.6317450      0.0000559      0.6895204      0.0000597
