 20.00      0.5585014      0.0000275      0.6038081      0.0000553      0.6035405      0.0000551
 20.50      0.5585179      0.0000275      0.6037262      0.0000554      0.6035865      0.0000552
 21.00      0.5585592      0.0000273      0.6037527      0.0000550      0.6034945      0.0000552
 21.50      0.5586222      0.0000275      0.6036173      0.0000553      0.6035647      0.0000551
 22.00      0.5585445      0.0000275      0.6037196      0.0000552      0.6037980      0.0000554
 22.50      0.5582679      0.0000272      0.6038934      0.0000551      0.6037846      0.0000549
 23.00      0.5585085      0.0000273      0.6036752      0.0000551      0.6037869      0.0000547
 23.50      0.5584282      0.0000273      0.6038878      0.0000547      0.6037874      0.0000550
 24.00      0.5586234      0.0000274      0.6037063      0.0000550      0.6035660      0.0000551
 24.50      0.5584416      0.0000274      0.6040156      0.0000551      0.6037758      0.0000554
 25.00      0.5586939      0.0000274      0.6035269      0.0000550      0.6038053      0.0000550
 25.50      0.5586814      0.0000273      0.6036694      0.0000549      0.6036081      0.0000551
 26.00      0.5585744      0.0000275      0.6038122      0.0000552      0.6039215      0.0000550
 26.50      0.5586774      0.0000274      0.6036136      0.0000550      0.6036116      0.0000550
 27.00      0.5586707      0.0000273      0.6038353      0.0000552      0.6036820      0.0000547
 27.50      0.5584997      0.0000275      0.6039871      0.0000555      0.6038153      0.0000548
 28.00      0.5586211      0.0000276      0.6036399      0.0000554      0.6037437      0.0000551
 28.50      0.5586822      0.0000274      0.6036223      0.0000550      0.6037041      0.0000550
 29.00      0.5584844      0.0000275      0.6038595      0.0000552      0.6039384      0.0000551
 29.50      0.5585734      0.0000273      0.6040105      0.0000553      0.6037444      0.0000550
 30.00      0.5586996      0.0000274      0.6038755      0.0000552      0.6036544      0.0000551
 30.50      0.5586072      0.0000273      0.6039271      0.0000553      0.6038660      0.0000550
 31.00      0.5586078      0.0000275      0.6039152      0.0000553      0.6038534      0.0000551
 31.50      0.5587000      0.0000274      0.6036545      0.0000544      0.6038014      0.0000556
 32.00      0.5586099      0.0000274      0.6039476      0.0000551      0.6038480      0.0000549
 32.50      0.5587696      0.0000274      0.6036796      0.0000551      0.6036739      0.0000550
 33.00      0.5587143      0.0000272      0.6039291      0.0000548      0.6037461      0.0000550
 33.50      0.5585476      0.0000273      0.6040330      0.0000552      0.6039222      0.0000551
 34.00      0.5588526      0.0000274      0.6036931      0.0000549      0.6039754      0.0000553
 34.50      0.5587745      0.0000273      0.6037995      0.0000553      0.6037276      0.0000553
 35.00      0.5586012      0.0000275      0.6039967      0.0000551      0.6040494      0.0000550
 35.50      0.5586966      0.0000273      0.6039692      0.0000551      0.6039260      0.0000550
 36.00      0.5587028      0.0000274      0.6040951      0.0000552      0.6039247      0.0000549
 36.50      0.5588082      0.0000276      0.6038497      0.0000552      0.6037449      0.0000553
 37.00      0.5586863      0.0000273      0.6038911      0.0000551      0.6038426      0.0000553
 37.50      0.5587911      0.0000275      0.6038955      0.0000552      0.6037950      0.0000551
 38.00      0.5587363      0.0000274      0.6040164      0.0000555      0.6040123      0.0000552
 38.50      0.5587485      0.0000274      0.6037773      0.0000554      0.6040051      0.0000551
 39.00      0.5587530      0.0000273      0.6039779      0.0000550      0.6039697      0.0000546
 39.50      0.5587780      0.0000273      0.6040446      0.0000548      0.6039656      0.0000552
 40.00      0.5588137      0.0000271      0.6038892      0.0000551      0.6039115      0.0000549
 40.50      0.5588096      0.0000276      0.6037067      0.0000554      0.6042664      0.0000553
 41.00      0.5587421      0.0000274      0.6040542      0.0000548      0.6042379      0.0000552
 41.50      0.5587430      0.0000273      0.6039152      0.0000552      0.6040616      0.0000549
 42.00      0.5588099      0.0000273      0.6040221      0.0000551      0.6038686      0.0000549
 42.50      0.5588101      0.0000271      0.6037281      0.0000549      0.6043738      0.0000549
 43.00      0.5588704      0.0000271      0.6038908      0.0000548      0.6040211      0.0000550
 43.50      0.5587878      0.0000274      0.6039880      0.0000549      0.6039231      0.0000554
 44.00      0.5588045      0.0000274      0.6040036      0.0000551      0.6040911      0.0000551
 44.50      0.5586875      0.0000274      0.6040880      0.0000554      0.6042382      0.0000549
 45.00      0.5589174      0.0000271      0.6040599      0.0000553      0.6040715      0.0000549
 45.50      0.5587571      0.0000272      0.6042274      0.0000549      0.6040375      0.0000550
 46.00      0.5588790      0.0000276      0.6040981      0.0000554      0.6039550      0.0000553
 46.50      0.5588875      0.0000275      0.6040145      0.0000553      0.6040502      0.0000553
 47.00      0.5587730      0.0000273      0.6043348      0.0000548      0.6040391      0.0000553
 47.50      0.5589022      0.0000274      0.6039537      0.0000552      0.6038687      0.0000550
 48.00      0.5588689      0.0000275      0.6041754      0.0000551      0.6040111      0.0000554
 48.50      0.5589417      0.0000274      0.6039033      0.0000554      0.6041064      0.0000555
 49.00      0.5587122      0.0000276      0.6041812      0.0000555      0.6042657      0.0000553
 49.50      0.5588613      0.0000274      0.6043771      0.0000551      0.6039772      0.0000555
 50.00      0.5589200      0.0000276      0.6040693      0.0000553      0.6041574      0.0000553
 50.50      0.5588116      0.0000274      0.6042870      0.0000550      0.6041885      0.0000552
 51.00      0.5589494      0.0000272      0.6041161      0.0000553      0.6040286      0.0000554
 51.50      0.5589580      0.0000275      0.6039429      0.0000552      0.6041647      0.0000555
 52.00      0.5590127      0.0000274      0.6040750      0.0000554      0.6040554      0.0000550
 52.50      0.5588915      0.0000275      0.6042151      0.0000551      0.6041545      0.0000553
 53.00      0.5589592      0.0000273      0.6039485      0.0000552      0.6044051      0.0000549
 53.50      0.5589978      0.0000272      0.6040331      0.0000553      0.6040813      0.0000553
 54.00      0.5589981      0.0000273      0.6041554      0.0000550      0.6041214      0.0000552
 54.50      0.5590026      0.0000275      0.6041034      0.0000551      0.6041447      0.0000554
 55.00      0.5589177      0.0000274      0.6040564      0.0000554      0.6043293      0.0000552
 55.50      0.5588969      0.0000275      0.6042239      0.0000553      0.6041801      0.0000554
 56.00      0.5589341      0.0000275      0.6042265      0.0000553      0.6043143      0.0000556
 56.50      0.5589379      0.0000276      0.6042654      0.0000553      0.6041884      0.0000556
 57.00      0.5589642      0.0000273      0.6043623      0.0000551      0.6041724      0.0000551
 57.50      0.5590389      0.0000275      0.6041923      0.0000553      0.6041814      0.0000549
 58.00      0.5589857      0.0000275      0.6041709      0.0000554      0.6044452      0.0000553
 58.50      0.5589634      0.0000274      0.6042107      0.0000553      0.6043641      0.0000553
 59.00      0.5590898      0.0000276      0.6039738      0.0000554      0.6043262      0.0000552
 59.50      0.5591151      0.0000275      0.6043527      0.0000555      0.6039909      0.0000556
 60.00      0.5591094      0.0000274      0.6040178      0.0000556      0.6043113      0.0000554
 60.50      0.5590400      0.0000272      0.6042037      0.0000555      0.6042897      0.0000548
 61.00      0.5590094      0.0000275      0.6044507      0.0000555      0.6042098      0.0000552
 61.50      0.5591315      0.0000272      0.6042072      0.0000551      0.6041943      0.0000549
 62.00      0.5589664      0.0000273      0.6044366      0.0000550      0.6043425      0.0000555
 62.50      0.5591044      0.0000275      0.6042478      0.0000551      0.6043155      0.0000548
 63.00      0.5590236      0.0000272      0.6045628      0.0000553      0.6043103      0.0000549
 63.50      0.5591825      0.0000273      0.6041287      0.0000550      0.6041586      0.0000556
 64.00      0.5591641      0.0000273      0.6042698      0.0000552      0.6041733      0.0000550
 64.50      0.5591010      0.0000274      0.6043709      0.0000554      0.6041884      0.0000554
 65.00      0.5591239      0.0000274      0.6043554      0.0000552      0.6042755      0.0000552
 65.50      0.5590722      0.0000275      0.6041854      0.0000553      0.6044747      0.0000553
 66.00      0.5591182      0.0000276      0.6042670      0.0000553      0.6043951      0.0000555
 66.50      0.5589494      0.0000273      0.6043752      0.0000549      0.6046371      0.0000550
 67.00      0.5590864      0.0000274      0.6043060      0.0000557      0.6043323      0.0000553
 67.50      0.5591333      0.0000274      0.6043078      0.0000554      0.6044593      0.0000554
 68.00      0.5591355      0.0000273      0.6043043      0.0000553      0.6042325      0.0000551
 68.50      0.5590783      0.0000274      0.6045514      0.0000552      0.6043529      0.0000556
 69.00      0.5592028      0.0000273      0.6044231      0.0000551      0.6043945      0.0000553
 69.50      0.5591306      0.0000273      0.6044454      0.0000552      0.6044703      0.0000553
 70.00      0.5593475      0.0000274      0.6041789      0.0000552      0.6042476      0.0000552
 70.50      0.5591528      0.0000274      0.6043689      0.0000551      0.6043382      0.0000550
 71.00      0.5591993      0.0000275      0.6044847      0.0000553      0.6044558      0.0000556
 71.50      0.5591854      0.0000275      0.6043779      0.0000552      0.6045660      0.0000550
 72.00      0.5592098      0.0000272      0.6044184      0.0000550      0.6043752      0.0000552
 72.50      0.5592078      0.0000274      0.6043472      0.0000555      0.6045260      0.0000548
 73.00      0.5592410      0.0000274      0.6044203      0.0000553      0.6044524      0.0000551
 73.50      0.5591228      0.0000273      0.6047329      0.0000554      0.6044806      0.0000552
 74.00      0.5593703      0.0000275      0.6045620      0.0000551      0.6042275      0.0000554
 74.50      0.5592680      0.0000274      0.6043634      0.0000552      0.6043885      0.0000552
 75.00      0.5591412      0.0000272      0.6045716      0.0000550      0.6046632      0.0000551
 75.50      0.5592858      0.0000275      0.6044624      0.0000551      0.6044493      0.0000552
 76.00      0.5592628      0.0000273      0.6044640      0.0000549      0.6045227      0.0000552
 76.50      0.5593181      0.0000276      0.6043153      0.0000553      0.6044441      0.0000555
 77.00      0.5592967      0.0000274      0.6044675      0.0000552      0.6043862      0.0000551
 77.50      0.5592585      0.0000273      0.6044557      0.0000552      0.6047102      0.0000552
 78.00      0.5591915      0.0000274      0.6045866      0.0000555      0.6045183      0.0000552
 78.50      0.5592014      0.0000276      0.6045616      0.0000554      0.6046202      0.0000551
 79.00      0.5592621      0.0000276      0.6045358      0.0000552      0.6046477      0.0000557
 79.50      0.5593000      0.0000274      0.6044858      0.0000551      0.6044496      0.0000554
 80.00      0.5593508      0.0000273      0.6045817      0.0000550      0.6044651      0.0000549
 80.50      0.5592424      0.0000273      0.6046966      0.0000548      0.6046549      0.0000549
 81.00      0.5592842      0.0000274      0.6043844      0.0000553      0.6046213      0.0000550
 81.50      0.5593671      0.0000275      0.6043911      0.0000551      0.6045843      0.0000556
 82.00      0.5594774      0.0000275      0.6045055      0.0000556      0.6045559      0.0000557
 82.50      0.5593021      0.0000274      0.6046344      0.0000554      0.6045455      0.0000553
 83.00      0.5594302      0.0000275      0.6045102      0.0000553      0.6044669      0.0000553
 83.50      0.5594308      0.0000274      0.6045810      0.0000555      0.6046211      0.0000553
 84.00      0.5594394      0.0000274      0.6045366      0.0000553      0.6044995      0.0000551
 84.50      0.5594052      0.0000273      0.6045380      0.0000551      0.6046543      0.0000555
 85.00      0.5593856      0.0000274      0.6046610      0.0000550      0.6045316      0.0000555
 85.50      0.5593748      0.0000272      0.6046282      0.0000554      0.6046604      0.0000549
 86.00      0.5591957      0.0000274      0.6048161      0.0000552      0.6046445      0.0000556
 86.50      0.5593377      0.0000272      0.6046871      0.0000550      0.6047749      0.0000553
 87.00      0.5595359      0.0000273      0.6046184      0.0000552      0.6044939      0.0000550
 87.50      0.5594138      0.0000275      0.6046949      0.0000556      0.6046236      0.0000555
 88.00      0.5595858      0.0000275      0.6044275      0.0000556      0.6045986      0.0000552
 88.50      0.5594744      0.0000274      0.6047752      0.0000554      0.6044106      0.0000554
 89.00      0.5595037      0.0000275      0.6046580      0.0000553      0.6044922      0.0000553
 89.50      0.5593932      0.0000273      0.6047522      0.0000555      0.6047407      0.0000552
 90.00      0.5594074      0.0000274      0.6046418      0.0000553      0.6047730      0.0000555
 90.50      0.5594966      0.0000272      0.6048143      0.0000557      0.6045589      0.0000551
 91.00      0.5595326      0.0000273      0.6046560      0.0000554      0.6045841      0.0000554
 91.50      0.5594981      0.0000275      0.6047022      0.0000550      0.6047570      0.0000553
 92.00      0.5594787      0.0000271      0.6046125      0.0000551      0.6049025      0.0000554
 92.50      0.5593814      0.0000275      0.6048513      0.0000556      0.6048153      0.0000554
 93.00      0.5593250      0.0000274      0.6050506      0.0000555      0.6048197      0.0000549
 93.50      0.5595178      0.0000274      0.6046814      0.0000554      0.6047382      0.0000553
 94.00      0.5596560      0.0000274      0.6048051      0.0000551      0.6047643      0.0000555
 94.50      0.5595886      0.0000273      0.6047085      0.0000550      0.6044922      0.0000555
 95.00      0.5594365      0.0000273      0.6048140      0.0000552      0.6047273      0.0000549
 95.50      0.5595596      0.0000275      0.6047774      0.0000558      0.6048051      0.0000553
 96.00      0.5595672      0.0000275      0.6045877      0.0000552      0.6048909      0.0000559
 96.50      0.5596343      0.0000275      0.6046718      0.0000554      0.6045712      0.0000557
 97.00      0.5595672      0.0000273      0.6046637      0.0000553      0.6047602      0.0000554
 97.50      0.5595653      0.0000274      0.6048759      0.0000551      0.6047875      0.0000553
 98.00      0.5595702      0.0000275      0.6048449      0.0000555      0.6047290      0.0000554
 98.50      0.5594753      0.0000275      0.6047478      0.0000556      0.6049324      0.0000550
 99.00      0.5596737      0.0000272      0.6047348      0.0000548      0.6047966      0.0000552
 99.50      0.5595648      0.0000273      0.6049204      0.0000555      0.6048045      0.0000550
100.00      0.5596450      0.0000272      0.6046946      0.0000550      0.6048084      0.0000556
100.50      0.5595500      0.0000270      0.6048466      0.0000552      0.6047017      0.0000554
101.00      0.5596178      0.0000274      0.6047003      0.0000553      0.6049959      0.0000554
101.50      0.5596871      0.0000273      0.6047928      0.0000555      0.6047205      0.0000551
102.00      0.5596244      0.0000273      0.6050352      0.0000552      0.6046742      0.0000552
102.50      0.5595166      0.0000272      0.6048967      0.0000555      0.6048089      0.0000553
103.00      0.5596352      0.0000274      0.6048304      0.0000553      0.6049888      0.0000556
103.50      0.5597147      0.0000274      0.6051020      0.0000553      0.6047096      0.0000550
104.00      0.5596154      0.0000274      0.6049202      0.0000550      0.6049434      0.0000550
104.50      0.5595956      0.0000273      0.6050152      0.0000557      0.6047897      0.0000551
105.00      0.5597175      0.0000273      0.6048631      0.0000551      0.6047606      0.0000555
105.50      0.5597648      0.0000274      0.6047953      0.0000554      0.6049306      0.0000552
106.00      0.5596406      0.0000274      0.6050307      0.0000556      0.6050054      0.0000556
106.50      0.5596972      0.0000274      0.6048889      0.0000555      0.6047340      0.0000553
107.00      0.5597688      0.0000272      0.6049615      0.0000553      0.6047888      0.0000551
107.50      0.5596845      0.0000274      0.6050012      0.0000552      0.6048534      0.0000551
108.00      0.5597434      0.0000273      0.6049028      0.0000556      0.6047760      0.0000551
108.50      0.5598890      0.0000276      0.6047942      0.0000555      0.6048362      0.0000555
109.00      0.5599930      0.0000274      0.6046118      0.0000552      0.6046384      0.0000553
109.50      0.5598422      0.0000274      0.6048182      0.0000554      0.6048244      0.0000555
110.00      0.5598600      0.0000272      0.6047024      0.0000555      0.6048882      0.0000554
110.50      0.5598339      0.0000272      0.6050067      0.0000553      0.6048756      0.0000553
111.00      0.5596843      0.0000274      0.6052548      0.0000554      0.6050162      0.0000552
111.50      0.5598167      0.0000274      0.6049016      0.0000555      0.6048951      0.0000554
112.00      0.5598250      0.0000272      0.6048644      0.0000554      0.6050372      0.0000551
112.50      0.5597534      0.0000273      0.6051157      0.0000552      0.6050671      0.0000554
113.00      0.5597747      0.0000272      0.6049558      0.0000553      0.6051559      0.0000555
113.50      0.5597774      0.0000273      0.6051080      0.0000556      0.6051198      0.0000551
114.00      0.5599119      0.0000273      0.6049984      0.0000553      0.6048136      0.0000555
114.50      0.5598821      0.0000273      0.6050903      0.0000554      0.6048471      0.0000553
115.00      0.5597206      0.0000275      0.6050565      0.0000555      0.6050866      0.0000557
115.50      0.5597795      0.0000274      0.6051281      0.0000555      0.6048881      0.0000552
116.00      0.5598487      0.0000272      0.6050318      0.0000553      0.6050386      0.0000553
116.50      0.5597727      0.0000274      0.6049656      0.0000553      0.6052569      0.0000555
117.00      0.5598008      0.0000275      0.6051792      0.0000553      0.6051657      0.0000557
117.50      0.5597423      0.0000272      0.6051592      0.0000555      0.6051857      0.0000554
118.00      0.5599156      0.0000274      0.6050526      0.0000553      0.6051137      0.0000557
118.50      0.5597906      0.0000272      0.6052320      0.0000551      0.6050446      0.0000549
119.00      0.5598173      0.0000274      0.6051743      0.0000552      0.6050693      0.0000554
119.50      0.5598938      0.0000272      0.6050675      0.0000551      0.6051405      0.0000553
120.00      0.5597468      0.0000274      0.6051446      0.0000554      0.6052815      0.0000554
120.50      0.5597659      0.0000274      0.6053196      0.0000556      0.6052634      0.0000552
121.00      0.5598717      0.0000273      0.6051287      0.0000554      0.6052605      0.0000552
121.50      0.5599202      0.0000271      0.6051927      0.0000552      0.6051518      0.0000554
122.00      0.5598167      0.0000272      0.6052506      0.0000555      0.6051566      0.0000553
122.50      0.5600282      0.0000274      0.6049393      0.0000552      0.6049614      0.0000553
123.00      0.5598945      0.0000274      0.6053091      0.0000552      0.6050103      0.0000554
123.50      0.5599060      0.0000274      0.6053168      0.0000557      0.6053022      0.0000556
124.00      0.5598946      0.0000274      0.6051865      0.0000553      0.6050409      0.0000552
124.50      0.5598867      0.0000271      0.6051544      0.0000553      0.6051826      0.0000550
125.00      0.5601168      0.0000272      0.6050781      0.0000552      0.6050726      0.0000553
125.50      0.5599185      0.0000274      0.6053055      0.0000554      0.6051184      0.0000555
126.00      0.5599139      0.0000274      0.6054410      0.0000552      0.6053574      0.0000555
126.50      0.5599865      0.0000273      0.6052239      0.0000554      0.6051646      0.0000555
127.00      0.5599400      0.0000274      0.6052531      0.0000555      0.6052495      0.0000555
127.50      0.5599392      0.0000273      0.6053873      0.0000555      0.6053503      0.0000551
128.00      0.5600511      0.0000273      0.6051569      0.0000555      0.6053049      0.0000553
128.50      0.5599740      0.0000271      0.6055208      0.0000553      0.6052255      0.0000551
129.00      0.5598494      0.0000275      0.6053862      0.0000552      0.6054352      0.0000557
129.50      0.5600178      0.0000274      0.6050280      0.0000556      0.6054383      0.0000554
130.00      0.5600428      0.0000274      0.6052191      0.0000553      0.6054524      0.0000554
130.50      0.5600855      0.0000272      0.6054225      0.0000552      0.6049800      0.0000555
131.00      0.5598806      0.0000272      0.6053961      0.0000554      0.6055638      0.0000552
131.50      0.5600967      0.0000274      0.6055169      0.0000555      0.6051592      0.0000553
132.00      0.5600054      0.0000273      0.6054162      0.0000554      0.6053783      0.0000558
132.50      0.5600408      0.0000274      0.6052684      0.0000555      0.6053628      0.0000554
133.00      0.5601419      0.0000270      0.6051286      0.0000553      0.6053974      0.0000554
133.50      0.5601618      0.0000274      0.6052047      0.0000554      0.6051830      0.0000559
134.00      0.5599722      0.0000274      0.6055287      0.0000555      0.6054954      0.0000554
134.50      0.5600400      0.0000275      0.6054243      0.0000553      0.6053894      0.0000552
135.00      0.5599747      0.0000272      0.6052974      0.0000553      0.6054848      0.0000556
135.50      0.5602361      0.0000272      0.6051279      0.0000553      0.6052562      0.0000553
136.00      0.5601165      0.0000273      0.6054683      0.0000554      0.6052749      0.0000557
136.50      0.5601176      0.0000272      0.6053204      0.0000553      0.6053999      0.0000551
137.00      0.5600117      0.0000274      0.6054855      0.0000557      0.6056888      0.0000552
137.50      0.5601139      0.0000272      0.6054955      0.0000555      0.6053934      0.0000552
138.00      0.5601287      0.0000273      0.6053183      0.0000555      0.6054681      0.0000554
138.50      0.5600211      0.0000274      0.6055328      0.0000554      0.6055863      0.0000554
139.00      0.5602439      0.0000275      0.6054283      0.0000554      0.6051670      0.0000553
139.50      0.5600478      0.0000274      0.6054730      0.0000557      0.6054762      0.0000554
140.00      0.5601493      0.0000272      0.6053519      0.0000553      0.6055616      0.0000556
140.50      0.5601039      0.0000273      0.6055664      0.0000556      0.6053942      0.0000558
141.00      0.5600939      0.0000273      0.6055572      0.0000553      0.6053289      0.0000554
141.50      0.5602423      0.0000273      0.6054530      0.0000555      0.6054548      0.0000555
142.00      0.5602187      0.0000274      0.6054335      0.0000556      0.6053117      0.0000552
142.50      0.5602019      0.0000273      0.6055820      0.0000555      0.6052327      0.0000554
143.00      0.5601760      0.0000271      0.6053976      0.0000551      0.6054648      0.0000553
143.50      0.5602689      0.0000272      0.6054409      0.0000550      0.6054299      0.0000553
144.00      0.5603281      0.0000274      0.6053599      0.0000556      0.6054441      0.0000554
144.50      0.5602053      0.0000273      0.6055691      0.0000554      0.6055248      0.0000551
145.00      0.5601942      0.0000273      0.6054560      0.0000556      0.6057087      0.0000555
145.50      0.5601369      0.0000274      0.6054809      0.0000553      0.6055689      0.0000553
146.00      0.5602293      0.0000273      0.6055574      0.0000559      0.6055693      0.0000555
146.50      0.5601754      0.0000274      0.6056284      0.0000554      0.6056439      0.0000557
147.00      0.5602240      0.0000272      0.6055220      0.0000555      0.6055485      0.0000553
147.50      0.5602186      0.0000273      0.6055194      0.0000556      0.6055646      0.0000557
148.00      0.5603821      0.0000275      0.6055812      0.0000555      0.6051724      0.0000552
148.50      0.5603181      0.0000274      0.6056853      0.0000557      0.6054942      0.0000555
149.00      0.5603271      0.0000274      0.6055629      0.0000555      0.6054461      0.0000555
149.50      0.5601545      0.0000275      0.6057640      0.0000553      0.6057768      0.0000556
150.00      0.5602267      0.0000270      0.6057182      0.0000555      0.6057496      0.0000549
150.50      0.5602283      0.0000274      0.6056526      0.0000557      0.6055882      0.0000555
151.00      0.5601983      0.0000275      0.6056953      0.0000557      0.6056575      0.0000558
151.50      0.5603023      0.0000274      0.6058441      0.0000558      0.6054698      0.0000555
152.00      0.5602490      0.0000274      0.6058429      0.0000553      0.6056371      0.0000559
152.50      0.5602748      0.0000273      0.6058123      0.0000554      0.6054151      0.0000556
153.00      0.5603717      0.0000272      0.6056545      0.0000556      0.6057578      0.0000552
153.50      0.5604469      0.0000274      0.6056266      0.0000552      0.6054670      0.0000556
154.00      0.5602744      0.0000272      0.6058763      0.0000557      0.6056195      0.0000555
154.50      0.5602892      0.0000274      0.6058454      0.0000555      0.6055763      0.0000555
155.00      0.5603050      0.0000273      0.6058035      0.0000553      0.6056536      0.0000555
155.50      0.5603972      0.0000273      0.6055437      0.0000557      0.6057436      0.0000554
156.00      0.5603338      0.0000274      0.6056273      0.0000555      0.6057893      0.0000555
156.50      0.5604161      0.0000273      0.6058958      0.0000556      0.6056144      0.0000554
157.00      0.5604560      0.0000274      0.6060691      0.0000557      0.6054311      0.0000556
157.50      0.5604051      0.0000273      0.6059657      0.0000553      0.6055194      0.0000554
158.00      0.5604340      0.0000273      0.6057093      0.0000551      0.6057564      0.0000556
158.50      0.5604682      0.0000273      0.6056390      0.0000554      0.6056435      0.0000552
159.00      0.5603571      0.0000272      0.6056410      0.0000553      0.6058055      0.0000553
159.50      0.5603561      0.0000272      0.6059853      0.0000554      0.6057949      0.0000553
160.00      0.5604347      0.0000272      0.6056438      0.0000557      0.6059314      0.0000555
160.50      0.5604166      0.0000274      0.6057692      0.0000555      0.6058257      0.0000552
161.00      0.5602491      0.0000273      0.6060200      0.0000553      0.6058811      0.0000554
161.50      0.5603204      0.0000272      0.6059079      0.0000554      0.6059355      0.0000552
162.00      0.5603684      0.0000274      0.6058449      0.0000551      0.6059650      0.0000552
162.50      0.5604516      0.0000275      0.6055874      0.0000560      0.6059990      0.0000554
163.00      0.5605208      0.0000274      0.6059070      0.0000552      0.6056646      0.0000553
163.50      0.5605368      0.0000274      0.6058184      0.0000557      0.6056257      0.0000555
164.00      0.5605153      0.0000274      0.6057251      0.0000553      0.6057822      0.0000556
164.50      0.5603761      0.0000271      0.6059551      0.0000555      0.6059426      0.0000556
165.00      0.5605417      0.0000272      0.6057323      0.0000553      0.6058847      0.0000554
165.50      0.5604996      0.0000273      0.6060721      0.0000556      0.6057784      0.0000552
166.00      0.5605359      0.0000275      0.6057971      0.0000557      0.6058893      0.0000556
166.50      0.5604659      0.0000274      0.6058659      0.0000555      0.6059029      0.0000555
167.00      0.5605141      0.0000272      0.6057783      0.0000552      0.6059589      0.0000554
167.50      0.5604298      0.0000272      0.6059124      0.0000555      0.6059564      0.0000556
168.00      0.5605140      0.0000271      0.6058585      0.0000553      0.6059171      0.0000551
168.50      0.5605584      0.0000273      0.6058214      0.0000555      0.6057413      0.0000553
169.00      0.5605803      0.0000273      0.6058995      0.0000554      0.6058470      0.0000555
169.50      0.5604516      0.0000274      0.6059148      0.0000555      0.6061345      0.0000557
170.00      0.5604987      0.0000273      0.6059460      0.0000556      0.6060084      0.0000554
170.50      0.5605211      0.0000273      0.6058295      0.0000554      0.6060186      0.0000554
171.00      0.5604086      0.0000273      0.6059116      0.0000553      0.6059526      0.0000553
171.50      0.5605486      0.0000272      0.6058100      0.0000556      0.6060234      0.0000556
172.00      0.5606159      0.0000272      0.6059502      0.0000553      0.6058880      0.0000559
172.50      0.5606459      0.0000272      0.6060873      0.0000553      0.6059114      0.0000557
173.00      0.5605270      0.0000274      0.6063579      0.0000556      0.6057855      0.0000552
173.50      0.5605993      0.0000275      0.6057875      0.0000555      0.6061273      0.0000555
174.00      0.5605970      0.0000274      0.6060709      0.0000556      0.6058894      0.0000553
174.50      0.5605870      0.0000273      0.6059962      0.0000555      0.6060711      0.0000556
175.00      0.5605000      0.0000272      0.6063812      0.0000554      0.6060198      0.0000554
175.50      0.5605898      0.0000274      0.6060732      0.0000558      0.6061391      0.0000556
176.00      0.5605461      0.0000272      0.6061321      0.0000555      0.6061487      0.0000556
176.50      0.5605866      0.0000272      0.6062191      0.0000556      0.6061149      0.0000551
177.00      0.5606103      0.0000273      0.6060523      0.0000556      0.6063001      0.0000558
177.50      0.5606903      0.0000273      0.6060590      0.0000553      0.6060139      0.0000555
178.00      0.5605765      0.0000274      0.6060668      0.0000555      0.6061615      0.0000556
178.50      0.5606428      0.0000273      0.6058814      0.0000557      0.6063039      0.0000557
179.00      0.5606518      0.0000272      0.6060294      0.0000555      0.6059100      0.0000556
179.50      0.5605108      0.0000271      0.6061407      0.0000554      0.6062225      0.0000557
180.00      0.5608570      0.0000271      0.6059791      0.0000553      0.6058315      0.0000556
180.50      0.5606660      0.0000274      0.6062138      0.0000554      0.6062292      0.0000558
181.00      0.5606474      0.0000274      0.6062796      0.0000557      0.6061201      0.0000555
181.50      0.5605755      0.0000275      0.6063777      0.0000556      0.6062276      0.0000556
182.00      0.5607611      0.0000275      0.6061245      0.0000553      0.6060067      0.0000558
182.50      0.5608295      0.0000273      0.6057674      0.0000554      0.6060994      0.0000551
183.00      0.5606597      0.0000273      0.6063663      0.0000554      0.6060398      0.0000554
183.50      0.5607621      0.0000272      0.6062894      0.0000553      0.6060833      0.0000554
184.00      0.5606268      0.0000272      0.6061293      0.0000555      0.6061778      0.0000553
184.50      0.5607611      0.0000274      0.6061189      0.0000556      0.6062414      0.0000553
185.00      0.5607620      0.0000273      0.6061811      0.0000553      0.6061038      0.0000555
185.50      0.5607914      0.0000274      0.6061978      0.0000558      0.6060812      0.0000553
186.00      0.5606590      0.0000275      0.6062509      0.0000555      0.6062469      0.0000555
186.50      0.5607659      0.0000273      0.6062680      0.0000555      0.6062941      0.0000554
187.00      0.5608543      0.0000273      0.6060241      0.0000553      0.6059814      0.0000557
187.50      0.5607507      0.0000275      0.6063259      0.0000558      0.6060407      0.0000556
188.00      0.5608996      0.0000273      0.6060626      0.0000554      0.6061934      0.0000556
188.50      0.5608591      0.0000275      0.6061564      0.0000555      0.6062113      0.0000555
189.00      0.5607597      0.0000273      0.6061806      0.0000553      0.6062121      0.0000554
189.50      0.5607129      0.0000274      0.6063583      0.0000554      0.6062904      0.0000557
190.00      0.5608515      0.0000273      0.6062770      0.0000555      0.6061477      0.0000553
190.50      0.5607941      0.0000274      0.6061753      0.0000556      0.6063422      0.0000558
191.00      0.5608448      0.0000275      0.6063412      0.0000562      0.6062416      0.0000551
191.50      0.5607609      0.0000274      0.6063711      0.0000554      0.6062554      0.0000558
192.00      0.5608249      0.0000274      0.6060900      0.0000558      0.6063684      0.0000552
192.50      0.5608111      0.0000273      0.6062010      0.0000558      0.6063934      0.0000554
193.00      0.5608834      0.0000271      0.6062118      0.0000553      0.6064818      0.0000550
193.50      0.5609399      0.0000272      0.6062906      0.0000557      0.6060233      0.0000553
194.00      0.5607522      0.0000273      0.6064121      0.0000555      0.6064344      0.0000557
194.50      0.5608383      0.0000274      0.6064017      0.0000557      0.6062849      0.0000556
195.00      0.5608922      0.0000274      0.6065392      0.0000557      0.6061234      0.0000558
195.50      0.5608460      0.0000273      0.6064159      0.0000555      0.6063383      0.0000558
196.00      0.5609232      0.0000274      0.6062748      0.0000552      0.6062048      0.0000558
196.50      0.5610114      0.0000274      0.6062462      0.0000553      0.6061628      0.0000555
197.00      0.5609765      0.0000275      0.6062231      0.0000554      0.6063340      0.0000556
197.50      0.5610548      0.0000275      0.6060564      0.0000556      0.6063240      0.0000557
198.00      0.5609739      0.0000274      0.6062703      0.0000554      0.6064198      0.0000557
198.50      0.5607893      0.0000271      0.6065217      0.0000553      0.6064776      0.0000553
199.00      0.5609983      0.0000274      0.6060297      0.0000552      0.6063824      0.0000558
199.50      0.5609041      0.0000272      0.6064840      0.0000555      0.6064455      0.0000558
200.00      0.5608962      0.0000274      0.6064913      0.0000554      0.6064184      0.0000558
200.50      0.5608301      0.0000273      0.6066286      0.0000554      0.6064846      0.0000557
201.00      0.5610128      0.0000272      0.6063459      0.0000556      0.6063671      0.0000555
201.50      0.5608406      0.0000274      0.6063674      0.0000557      0.6064381      0.0000555
202.00      0.5609639      0.0000272      0.6065845      0.0000556      0.6063323      0.0000552
202.50      0.5609665      0.0000273      0.6066092      0.0000557      0.6063420      0.0000552
203.00      0.5610605      0.0000273      0.6061414      0.0000552      0.6065280      0.0000558
203.50      0.5610956      0.0000273      0.6062704      0.0000556      0.6063743      0.0000554
204.00      0.5608523      0.0000272      0.6066450      0.0000558      0.6066065      0.0000557
204.50      0.5609003      0.0000273      0.6065140      0.0000553      0.6065225      0.0000554
205.00      0.5608772      0.0000270      0.6065732      0.0000556      0.6066395      0.0000556
205.50      0.5609710      0.0000273      0.6063680      0.0000555      0.6067009      0.0000557
206.00      0.5609926      0.0000274      0.6067695      0.0000557      0.6062963      0.0000559
206.50      0.5610223      0.0000274      0.6063723      0.0000554      0.6064508      0.0000557
207.00      0.5610457      0.0000273      0.6065111      0.0000557      0.6065106      0.0000556
207.50      0.5611124      0.0000272      0.6063543      0.0000556      0.6066120      0.0000555
208.00      0.5608626      0.0000276      0.6066455      0.0000555      0.6069448      0.0000558
208.50      0.5611085      0.0000273      0.6065061      0.0000556      0.6063627      0.0000553
209.00      0.5610930      0.0000271      0.6065193      0.0000554      0.6065582      0.0000557
209.50      0.5610443      0.0000272      0.6065905      0.0000557      0.6065466      0.0000555
210.00      0.5610907      0.0000271      0.6066136      0.0000556      0.6064590      0.0000554
210.50      0.5609694      0.0000273      0.6069539      0.0000557      0.6066332      0.0000552
211.00      0.5610759      0.0000273      0.6065626      0.0000556      0.6066031      0.0000556
211.50      0.5611243      0.0000276      0.6065990      0.0000561      0.6066492      0.0000554
212.00      0.5611315      0.0000272      0.6066995      0.0000556      0.6064268      0.0000558
212.50      0.5611802      0.0000273      0.6065548      0.0000553      0.6064717      0.0000555
213.00      0.5610845      0.0000272      0.6065737      0.0000557      0.6066532      0.0000557
213.50      0.5610812      0.0000274      0.6066227      0.0000557      0.6066491      0.0000560
214.00      0.5610960      0.0000274      0.6066093      0.0000554      0.6067359      0.0000556
214.50      0.5610593      0.0000273      0.6068127      0.0000558      0.6067725      0.0000554
215.00      0.5612714      0.0000274      0.6065842      0.0000558      0.6064119      0.0000557
215.50      0.5611983      0.0000274      0.6065843      0.0000556      0.6065106      0.0000556
216.00      0.5611756      0.0000273      0.6066413      0.0000552      0.6066037      0.0000559
216.50      0.5612544      0.0000273      0.6067265      0.0000559      0.6065376      0.0000556
217.00      0.5611597      0.0000271      0.6067255      0.0000556      0.6065831      0.0000556
217.50      0.5610837      0.0000273      0.6067508      0.0000556      0.6067564      0.0000555
218.00      0.5610922      0.0000274      0.6067950      0.0000560      0.6067588      0.0000557
218.50      0.5611738      0.0000272      0.6068423      0.0000551      0.6067807      0.0000556
219.00      0.5611166      0.0000273      0.6067785      0.0000554      0.6068012      0.0000557
219.50      0.5612052      0.0000273      0.6069165      0.0000557      0.6068017      0.0000559
220.00      0.5611118      0.0000275      0.6068368      0.0000557      0.6067547      0.0000559
220.50      0.5611439      0.0000273      0.6066723      0.0000556      0.6069704      0.0000555
221.00      0.5613129      0.0000271      0.6066183      0.0000553      0.6067093      0.0000555
221.50      0.5612291      0.0000275      0.6067069      0.0000555      0.6067640      0.0000557
222.00      0.5612699      0.0000268      0.6066960      0.0000554      0.6066322      0.0000551
222.50      0.5611159      0.0000273      0.6070230      0.0000557      0.6069296      0.0000557
223.00      0.5611496      0.0000272      0.6069074      0.0000558      0.6069880      0.0000555
223.50      0.5612182      0.0000273      0.6070063      0.0000556      0.6067956      0.0000558
224.00      0.5612522      0.0000272      0.6068274      0.0000555      0.6068459      0.0000555
224.50      0.5612153      0.0000273      0.6069899      0.0000555      0.6068604      0.0000551
225.00      0.5612382      0.0000273      0.6068118      0.0000555      0.6069621      0.0000557
225.50      0.5613225      0.0000270      0.6068500      0.0000554      0.6066328      0.0000555
226.00      0.5612144      0.0000273      0.6068767      0.0000560      0.6070230      0.0000554
226.50      0.5614073      0.0000272      0.6066572      0.0000558      0.6067385      0.0000556
227.00      0.5614006      0.0000273      0.6066853      0.0000557      0.6069446      0.0000557
227.50      0.5611546      0.0000273      0.6069909      0.0000557      0.6070140      0.0000558
228.00      0.5613339      0.0000273      0.6067637      0.0000558      0.6067195      0.0000559
228.50      0.5613987      0.0000272      0.6066802      0.0000555      0.6069376      0.0000557
229.00      0.5611758      0.0000273      0.6070593      0.0000556      0.6070046      0.0000558
229.50      0.5613217      0.0000273      0.6069099      0.0000557      0.6070627      0.0000558
230.00      0.5612923      0.0000274      0.6070166      0.0000557      0.6070030      0.0000559
230.50      0.5614053      0.0000275      0.6067520      0.0000557      0.6069276      0.0000555
231.00      0.5612509      0.0000273      0.6071940      0.0000557      0.6069933      0.0000559
231.50      0.5613529      0.0000274      0.6069192      0.0000559      0.6068757      0.0000556
232.00      0.5614228      0.0000273      0.6070481      0.0000557      0.6066673      0.0000560
232.50      0.5612796      0.0000273      0.6071686      0.0000553      0.6069126      0.0000558
233.00      0.5613436      0.0000274      0.6070453      0.0000555      0.6068884      0.0000556
233.50      0.5615017      0.0000274      0.6070185      0.0000558      0.6068429      0.0000558
234.00      0.5612572      0.0000273      0.6069107      0.0000561      0.6070439      0.0000555
234.50      0.5614435      0.0000270      0.6069553      0.0000554      0.6069194      0.0000556
235.00      0.5613969      0.0000273      0.6067809      0.0000557      0.6068942      0.0000556
235.50      0.5614662      0.0000271      0.6070222      0.0000559      0.6068802      0.0000556
236.00      0.5614657      0.0000274      0.6069008      0.0000555      0.6069783      0.0000558
236.50      0.5613645      0.0000273      0.6070132      0.0000557      0.6072003      0.0000557
237.00      0.5615028      0.0000274      0.6069979      0.0000556      0.6067377      0.0000557
237.50      0.5612396      0.0000273      0.6071667      0.0000557      0.6072301      0.0000553
238.00      0.5613632      0.0000273      0.6072308      0.0000558      0.6073356      0.0000555
238.50      0.5615366      0.0000271      0.6068945      0.0000552      0.6068407      0.0000560
239.00      0.5613457      0.0000270      0.6071910      0.0000556      0.6072453      0.0000555
239.50      0.5614887      0.0000273      0.6072314      0.0000558      0.6070067      0.0000558
240.00      0.5615121      0.0000272      0.6071711      0.0000559      0.6069365      0.0000559
240.50      0.5614556      0.0000275      0.6071163      0.0000562      0.6071538      0.0000555
241.00      0.5613513      0.0000274      0.6072843      0.0000558      0.6071260      0.0000557
241.50      0.5614470      0.0000273      0.6072995      0.0000561      0.6069644      0.0000559
242.00      0.5613794      0.0000275      0.6074037      0.0000559      0.6071661      0.0000561
242.50      0.5614493      0.0000271      0.6070582      0.0000557      0.6072322      0.0000554
243.00      0.5614565      0.0000274      0.6072079      0.0000555      0.6071491      0.0000555
243.50      0.5615428      0.0000275      0.6072528      0.0000558      0.6072325      0.0000557
244.00      0.5614226      0.0000274      0.6072787      0.0000556      0.6072033      0.0000557
244.50      0.5615254      0.0000273      0.6071140      0.0000561      0.6072006      0.0000556
245.00      0.5615142      0.0000273      0.6071254      0.0000555      0.6070403      0.0000559
245.50      0.5616073      0.0000274      0.6073033      0.0000555      0.6070162      0.0000556
246.00      0.5615064      0.0000275      0.6070994      0.0000562      0.6072025      0.0000556
246.50      0.5614853      0.0000272      0.6073338      0.0000559      0.6071829      0.0000559
247.00      0.5616219      0.0000275      0.6071267      0.0000560      0.6072675      0.0000561
247.50      0.5616186      0.0000275      0.6070902      0.0000556      0.6072886      0.0000559
248.00      0.5615291      0.0000274      0.6073628      0.0000557      0.6072465      0.0000558
248.50      0.5615494      0.0000275      0.6074224      0.0000558      0.6068840      0.0000557
249.00      0.5615311      0.0000274      0.6072366      0.0000558      0.6073740      0.0000557
249.50      0.5616381      0.0000271      0.6071614      0.0000556      0.6072516      0.0000559
250.00      0.5615897      0.0000273      0.6071946      0.0000556      0.6071708      0.0000557
250.50      0.5614575      0.0000273      0.6075076      0.0000557      0.6074194      0.0000560
251.00      0.5615406      0.0000274      0.6072782      0.0000556      0.6072323      0.0000557
251.50      0.5616310      0.0000273      0.6071936      0.0000558      0.6072996      0.0000556
252.00      0.5616196      0.0000273      0.6072098      0.0000558      0.6072071      0.0000558
252.50      0.5615114      0.0000273      0.6074984      0.0000557      0.6073405      0.0000556
253.00      0.5615358      0.0000273      0.6072570      0.0000558      0.6076529      0.0000557
253.50      0.5615937      0.0000274      0.6072686      0.0000557      0.6073936      0.0000557
254.00      0.5615649      0.0000273      0.6073981      0.0000555      0.6074334      0.0000558
254.50      0.5615256      0.0000272      0.6072759      0.0000557      0.6074811      0.0000559
255.00      0.5616644      0.0000273      0.6075038      0.0000560      0.6072854      0.0000558
255.50      0.5616012      0.0000273      0.6074804      0.0000558      0.6071501      0.0000561
256.00      0.5617213      0.0000273      0.6073364      0.0000556      0.6073110      0.0000557
256.50      0.5615787      0.0000270      0.6074049      0.0000554      0.6073113      0.0000555
257.00      0.5615273      0.0000274      0.6073155      0.0000559      0.6076055      0.0000559
257.50      0.5616371      0.0000272      0.6075266      0.0000556      0.6075563      0.0000559
258.00      0.5616396      0.0000271      0.6075868      0.0000556      0.6074185      0.0000556
258.50      0.5615683      0.0000274      0.6076439      0.0000559      0.6074680      0.0000559
259.00      0.5616610      0.0000273      0.6074730      0.0000554      0.6074796      0.0000557
259.50      0.5617064      0.0000274      0.6074312      0.0000555      0.6074059      0.0000558
260.00      0.5618928      0.0000271      0.6072761      0.0000559      0.6072313      0.0000556
260.50      0.5616601      0.0000272      0.6076578      0.0000555      0.6075064      0.0000559
261.00      0.5616991      0.0000271      0.6074027      0.0000557      0.6073845      0.0000556
261.50      0.5615411      0.0000274      0.6077617      0.0000559      0.6076155      0.0000556
262.00      0.5616552      0.0000274      0.6074063      0.0000558      0.6075700      0.0000553
262.50      0.5618083      0.0000274      0.6075202      0.0000558      0.6071858      0.0000557
263.00      0.5616873      0.0000275      0.6075473      0.0000558      0.6076169      0.0000558
263.50      0.5616854      0.0000272      0.6075395      0.0000558      0.6074481      0.0000558
264.00      0.5618302      0.0000274      0.6072590      0.0000559      0.6075993      0.0000558
264.50      0.5616274      0.0000272      0.6076049      0.0000556      0.6077115      0.0000556
265.00      0.5617073      0.0000273      0.6075983      0.0000555      0.6076695      0.0000556
265.50      0.5618062      0.0000272      0.6075715      0.0000557      0.6075206      0.0000558
266.00      0.5618258      0.0000273      0.6075034      0.0000560      0.6073111      0.0000556
266.50      0.5617131      0.0000272      0.6078209      0.0000555      0.6075071      0.0000556
267.00      0.5617806      0.0000274      0.6074791      0.0000556      0.6077275      0.0000556
267.50      0.5618134      0.0000274      0.6075752      0.0000556      0.6074809      0.0000557
268.00      0.5616410      0.0000275      0.6079038      0.0000562      0.6075878      0.0000559
268.50      0.5619197      0.0000273      0.6072837      0.0000557      0.6076116      0.0000557
269.00      0.5618371      0.0000273      0.6077482      0.0000560      0.6074007      0.0000557
269.50      0.5617630      0.0000275      0.6077013      0.0000558      0.6075872      0.0000558
270.00      0.5618045      0.0000272      0.6078113      0.0000555      0.6074406      0.0000559
270.50      0.5618575      0.0000273      0.6075721      0.0000554      0.6076230      0.0000557
271.00      0.5619266      0.0000274      0.6075734      0.0000561      0.6076708      0.0000557
271.50      0.5618111      0.0000273      0.6077568      0.0000559      0.6075887      0.0000555
272.00      0.5618143      0.0000273      0.6077113      0.0000556      0.6076674      0.0000557
272.50      0.5619693      0.0000274      0.6076762      0.0000560      0.6074718      0.0000556
273.00      0.5619347      0.0000274      0.6074808      0.0000559      0.6075573      0.0000557
273.50      0.5618100      0.0000272      0.6076310      0.0000555      0.6077677      0.0000558
274.00      0.5618477      0.0000271      0.6075428      0.0000555      0.6078368      0.0000555
274.50      0.5620024      0.0000274      0.6075102      0.0000557      0.6074583      0.0000561
275.00      0.5619714      0.0000271      0.6075457      0.0000556      0.6076515      0.0000559
275.50      0.5619671      0.0000274      0.6077627      0.0000558      0.6076158      0.0000557
276.00      0.5619296      0.0000273      0.6076318      0.0000554      0.6077509      0.0000555
276.50      0.5618652      0.0000272      0.6077789      0.0000560      0.6077554      0.0000562
277.00      0.5620187      0.0000272      0.6075019      0.0000557      0.6076776      0.0000556
277.50      0.5617942      0.0000275      0.6077279      0.0000559      0.6078327      0.0000558
278.00      0.5619177      0.0000273      0.6079570      0.0000558      0.6077099      0.0000557
278.50      0.5620204      0.0000275      0.6076879      0.0000562      0.6075140      0.0000558
279.00      0.5619258      0.0000273      0.6076466      0.0000560      0.6078255      0.0000560
279.50      0.5619234      0.0000273      0.6078236      0.0000559      0.6077781      0.0000559
280.00      0.5617646      0.0000272      0.6079860      0.0000554      0.6079194      0.0000557
280.50      0.5619352      0.0000274      0.6077239      0.0000558      0.6078767      0.0000562
281.00      0.5618949      0.0000271      0.6078675      0.0000559      0.6078680      0.0000557
281.50      0.5619616      0.0000273      0.6076193      0.0000555      0.6079150      0.0000563
282.00      0.5621324      0.0000273      0.6076663      0.0000560      0.6076898      0.0000558
282.50      0.5618833      0.0000274      0.6079839      0.0000555      0.6079893      0.0000557
283.00      0.5620491      0.0000273      0.6077096      0.0000557      0.6079111      0.0000559
283.50      0.5620133      0.0000273      0.6079786      0.0000558      0.6078835      0.0000561
284.00      0.5619124      0.0000273      0.6079130      0.0000558      0.6079169      0.0000559
284.50      0.5620483      0.0000272      0.6078668      0.0000556      0.6079133      0.0000559
285.00      0.5620438      0.0000273      0.6078196      0.0000559      0.6078258      0.0000562
285.50      0.5620067      0.0000272      0.6080404      0.0000561      0.6077115      0.0000558
286.00      0.5621430      0.0000273      0.6077462      0.0000561      0.6078742      0.0000558
286.50      0.5620988      0.0000273      0.6078781      0.0000555      0.6079048      0.0000559
287.00      0.5619559      0.0000271      0.6078547      0.0000557      0.6080778      0.0000560
287.50      0.5621285      0.0000272      0.6077011      0.0000558      0.6077740      0.0000561
288.00      0.5620945      0.0000274      0.6080266      0.0000558      0.6077982      0.0000558
288.50      0.5619738      0.0000274      0.6081000      0.0000560      0.6079081      0.0000559
289.00      0.5621171      0.0000274      0.6079068      0.0000556      0.6080042      0.0000560
289.50      0.5620302      0.0000273      0.6077947      0.0000560      0.6080820      0.0000560
290.00      0.5620965      0.0000272      0.6079740      0.0000556      0.6079724      0.0000556
290.50      0.5621158      0.0000270      0.6081630      0.0000555      0.6079387      0.0000560
291.00      0.5620666      0.0000272      0.6079790      0.0000558      0.6081625      0.0000558
291.50      0.5620675      0.0000274      0.6081771      0.0000558      0.6081797      0.0000561
292.00      0.5621423      0.0000273      0.6080022      0.0000554      0.6080225      0.0000558
292.50      0.5620370      0.0000273      0.6081930      0.0000556      0.6079822      0.0000556
293.00      0.5622360      0.0000274      0.6078759      0.0000556      0.6079718      0.0000562
293.50      0.5621152      0.0000273      0.6080354      0.0000561      0.6080114      0.0000559
294.00      0.5623077      0.0000272      0.6077968      0.0000555      0.6077853      0.0000558
294.50      0.5620163      0.0000272      0.6084215      0.0000559      0.6079958      0.0000558
295.00      0.5620130      0.0000272      0.6082566      0.0000558      0.6083311      0.0000561
295.50      0.5621926      0.0000272      0.6079453      0.0000560      0.6080789      0.0000556
296.00      0.5621568      0.0000272      0.6082313      0.0000559      0.6079675      0.0000556
296.50      0.5621818      0.0000272      0.6080915      0.0000560      0.6081942      0.0000557
297.00      0.5621967      0.0000272      0.6079860      0.0000555      0.6080218      0.0000557
297.50      0.5623291      0.0000273      0.6079903      0.0000559      0.6078260      0.0000556
298.00      0.5621429      0.0000272      0.6081416      0.0000558      0.6080314      0.0000558
298.50      0.5621863      0.0000272      0.6081931      0.0000557      0.6081530      0.0000559
299.00      0.5622080      0.0000274      0.6079698      0.0000561      0.6081523      0.0000557
299.50      0.5620853      0.0000271      0.6082194      0.0000555      0.6083271      0.0000559
300.00      0.5622971      0.0000273      0.6081120      0.0000559      0.6080138      0.0000560
300.50      0.5622098      0.0000274      0.6081730      0.0000559      0.6081930      0.0000557
301.00      0.5621747      0.0000273      0.6079830      0.0000556      0.6083477      0.0000558
301.50      0.5622209      0.0000273      0.6080810      0.0000558      0.6080938      0.0000558
302.00      0.5622823      0.0000271      0.6079466      0.0000561      0.6082879      0.0000559
302.50      0.5623372      0.0000274      0.6081012      0.0000560      0.6081139      0.0000561
303.00      0.5622746      0.0000273      0.6079660      0.0000559      0.6084077      0.0000556
303.50      0.5622891      0.0000273      0.6081000      0.0000560      0.6081634      0.0000556
304.00      0.5624062      0.0000273      0.6080606      0.0000560      0.6080583      0.0000559
304.50      0.5623364      0.0000274      0.6082024      0.0000558      0.6081097      0.0000559
305.00      0.5622255      0.0000274      0.6083513      0.0000558      0.6081484      0.0000559
305.50      0.5623385      0.0000273      0.6081323      0.0000560      0.6083079      0.0000557
306.00      0.5623236      0.0000274      0.6083707      0.0000557      0.6080968      0.0000558
306.50      0.5623029      0.0000273      0.6084521      0.0000559      0.6080851      0.0000559
307.00      0.5622875      0.0000272      0.6083198      0.0000557      0.6082604      0.0000558
307.50      0.5623935      0.0000274      0.6081553      0.0000560      0.6081323      0.0000557
308.00      0.5622511      0.0000273      0.6082533      0.0000558      0.6083094      0.0000560
308.50      0.5622777      0.0000275      0.6082939      0.0000558      0.6082948      0.0000556
309.00      0.5623740      0.0000272      0.6082103      0.0000563      0.6085359      0.0000559
309.50      0.5622178      0.0000274      0.6085551      0.0000558      0.6084119      0.0000559
310.00      0.5621799      0.0000272      0.6083894      0.0000560      0.6085424      0.0000557
310.50      0.5622390      0.0000273      0.6086098      0.0000557      0.6084080      0.0000560
311.00      0.5624524      0.0000271      0.6081231      0.0000559      0.6081944      0.0000557
311.50      0.5624455      0.0000273      0.6081708      0.0000557      0.6083074      0.0000559
312.00      0.5622968      0.0000274      0.6083704      0.0000557      0.6084487      0.0000558
312.50      0.5623261      0.0000273      0.6083379      0.0000558      0.6084425      0.0000560
313.00      0.5624371      0.0000274      0.6083624      0.0000560      0.6083591      0.0000559
313.50      0.5624951      0.0000273      0.6081481      0.0000558      0.6082823      0.0000557
314.00      0.5624202      0.0000273      0.6083692      0.0000556      0.6083658      0.0000559
314.50      0.5625325      0.0000273      0.6082728      0.0000558      0.6082576      0.0000557
315.00      0.5623154      0.0000272      0.6086625      0.0000558      0.6084509      0.0000558
315.50      0.5624040      0.0000271      0.6083787      0.0000557      0.6083269      0.0000559
316.00      0.5625673      0.0000271      0.6082315      0.0000558      0.6082810      0.0000554
316.50      0.5623364      0.0000273      0.6085231      0.0000561      0.6084413      0.0000560
317.00      0.5624187      0.0000272      0.6085010      0.0000560      0.6084964      0.0000556
317.50      0.5623697      0.0000273      0.6085861      0.0000560      0.6084331      0.0000558
318.00      0.5626031      0.0000274      0.6082709      0.0000555      0.6081845      0.0000562
318.50      0.5624919      0.0000274      0.6084351      0.0000559      0.6085213      0.0000564
319.00      0.5625116      0.0000274      0.6085884      0.0000564      0.6083524      0.0000561
319.50      0.5624730      0.0000270      0.6085615      0.0000560      0.6084647      0.0000558
320.00      0.5625166      0.0000273      0.6084219      0.0000561      0.6084813      0.0000559
320.50      0.5623665      0.0000274      0.6085176      0.0000557      0.6086858      0.0000562
321.00      0.5625830      0.0000271      0.6083034      0.0000556      0.6084894      0.0000559
321.50      0.5624514      0.0000272      0.6086558      0.0000558      0.6084700      0.0000558
322.00      0.5623971      0.0000274      0.6085985      0.0000561      0.6085234      0.0000557
322.50      0.5624639      0.0000272      0.6088404      0.0000558      0.6084238      0.0000565
323.00      0.5624599      0.0000273      0.6087055      0.0000560      0.6085790      0.0000561
323.50      0.5624835      0.0000272      0.6085311      0.0000557      0.6085876      0.0000559
324.00      0.5626255      0.0000271      0.6085919      0.0000560      0.6083579      0.0000554
324.50      0.5625880      0.0000273      0.6082697      0.0000558      0.6086300      0.0000559
325.00      0.5625729      0.0000273      0.6085325      0.0000559      0.6085940      0.0000559
325.50      0.5625263      0.0000272      0.6084293      0.0000558      0.6086525      0.0000558
326.00      0.5626541      0.0000274      0.6084740      0.0000560      0.6084551      0.0000560
326.50      0.5624757      0.0000273      0.6088378      0.0000560      0.6083853      0.0000558
327.00      0.5625543      0.0000272      0.6084808      0.0000561      0.6087245      0.0000554
327.50      0.5624773      0.0000274      0.6087792      0.0000563      0.6085200      0.0000560
328.00      0.5626068      0.0000273      0.6086765      0.0000557      0.6084714      0.0000560
328.50      0.5626232      0.0000272      0.6086058      0.0000560      0.6085226      0.0000559
329.00      0.5626087      0.0000271      0.6087747      0.0000557      0.6085809      0.0000555
329.50      0.5625373      0.0000275      0.6086690      0.0000561      0.6087377      0.0000559
330.00      0.5625325      0.0000271      0.6087318      0.0000558      0.6085782      0.0000556
330.50      0.5625523      0.0000274      0.6089080      0.0000561      0.6086342      0.0000561
331.00      0.5625392      0.0000272      0.6088077      0.0000557      0.6087932      0.0000561
331.50      0.5625880      0.0000271      0.6087747      0.0000556      0.6085196      0.0000561
332.00      0.5627123      0.0000271      0.6085057      0.0000558      0.6087100      0.0000557
332.50      0.5624857      0.0000272      0.6087874      0.0000561      0.6090186      0.0000561
333.00      0.5626707      0.0000270      0.6086399      0.0000556      0.6086527      0.0000556
333.50      0.5625190      0.0000273      0.6088442      0.0000561      0.6089838      0.0000558
334.00      0.5626151      0.0000273      0.6086875      0.0000560      0.6087992      0.0000560
334.50      0.5627867      0.0000272      0.6087784      0.0000561      0.6084625      0.0000561
335.00      0.5626470      0.0000272      0.6087784      0.0000553      0.6088253      0.0000558
335.50      0.5627105      0.0000269      0.6089598      0.0000553      0.6086857      0.0000556
336.00      0.5626479      0.0000274      0.6087643      0.0000562      0.6089259      0.0000559
336.50      0.5624965      0.0000273      0.6088062      0.0000559      0.6091095      0.0000561
337.00      0.5626467      0.0000272      0.6089127      0.0000560      0.6088198      0.0000560
337.50      0.5626264      0.0000274      0.6088296      0.0000564      0.6088377      0.0000561
338.00      0.5626287      0.0000274      0.6090521      0.0000559      0.6087842      0.0000561
338.50      0.5626261      0.0000273      0.6089534      0.0000560      0.6089318      0.0000560
339.00      0.5627323      0.0000272      0.6089243      0.0000562      0.6087358      0.0000560
339.50      0.5626841      0.0000273      0.6087706      0.0000562      0.6088694      0.0000560
340.00      0.5626761      0.0000272      0.6090075      0.0000558      0.6090386      0.0000560
340.50      0.5627559      0.0000271      0.6087927      0.0000556      0.6088949      0.0000558
341.00      0.5626404      0.0000272      0.6088736      0.0000557      0.6090258      0.0000562
341.50      0.5627390      0.0000274      0.6088872      0.0000558      0.6088823      0.0000561
342.00      0.5627933      0.0000273      0.6088487      0.0000558      0.6089470      0.0000562
342.50      0.5626468      0.0000273      0.6089282      0.0000559      0.6091175      0.0000560
343.00      0.5627404      0.0000272      0.6090086      0.0000557      0.6088309      0.0000560
343.50      0.5627361      0.0000273      0.6089967      0.0000559      0.6090491      0.0000562
344.00      0.5627424      0.0000271      0.6089413      0.0000561      0.6089363      0.0000557
344.50      0.5627447      0.0000273      0.6090634      0.0000564      0.6089766      0.0000558
345.00      0.5627822      0.0000272      0.6089499      0.0000558      0.6089592      0.0000558
345.50      0.5628216      0.0000275      0.6090861      0.0000558      0.6088888      0.0000563
346.00      0.5629865      0.0000273      0.6089064      0.0000559      0.6087840      0.0000562
346.50      0.5627936      0.0000273      0.6092841      0.0000562      0.6088695      0.0000559
347.00      0.5627558      0.0000274      0.6089487      0.0000556      0.6089026      0.0000563
347.50      0.5628446      0.0000272      0.6088896      0.0000559      0.6090470      0.0000559
348.00      0.5628559      0.0000272      0.6089361      0.0000559      0.6089824      0.0000560
348.50      0.5627650      0.0000274      0.6088893      0.0000560      0.6092738      0.0000562
349.00      0.5629296      0.0000272      0.6086991      0.0000557      0.6091282      0.0000560
349.50      0.5629918      0.0000273      0.6089086      0.0000560      0.6086309      0.0000560
350.00      0.5628176      0.0000273      0.6087553      0.0000557      0.6092727      0.0000555
350.50      0.5628602      0.0000273      0.6092303      0.0000559      0.6089763      0.0000559
351.00      0.5628107      0.0000272      0.6092153      0.0000556      0.6090107      0.0000558
351.50      0.5628571      0.0000273      0.6092185      0.0000559      0.6089475      0.0000561
352.00      0.5627576      0.0000276      0.6090706      0.0000563      0.6092094      0.0000565
352.50      0.5629265      0.0000274      0.6090307      0.0000559      0.6090092      0.0000561
353.00      0.5629207      0.0000273      0.6089538      0.0000562      0.6090778      0.0000559
353.50      0.5627527      0.0000273      0.6091585      0.0000560      0.6093640      0.0000560
354.00      0.5628807      0.0000274      0.6092829      0.0000560      0.6088267      0.0000559
354.50      0.5628834      0.0000275      0.6091299      0.0000564      0.6090696      0.0000558
355.00      0.5628925      0.0000271      0.6091180      0.0000559      0.6092063      0.0000559
355.50      0.5628212      0.0000271      0.6093568      0.0000558      0.6092030      0.0000561
356.00      0.5628400      0.0000272      0.6092478      0.0000559      0.6091911      0.0000555
356.50      0.5630693      0.0000274      0.6090036      0.0000563      0.6089212      0.0000560
357.00      0.5628520      0.0000275      0.6093348      0.0000564      0.6090791      0.0000561
357.50      0.5628727      0.0000273      0.6092952      0.0000559      0.6091369      0.0000560
358.00      0.5630359      0.0000272      0.6089420      0.0000559      0.6091245      0.0000562
358.50      0.5629203      0.0000273      0.6091019      0.0000561      0.6094090      0.0000563
359.00      0.5629244      0.0000273      0.6091428      0.0000562      0.6092536      0.0000561
359.50      0.5629372      0.0000273      0.6092785      0.0000564      0.6092749      0.0000559
360.00      0.5629561      0.0000272      0.6094700      0.0000559      0.6091124      0.0000559
360.50      0.5628654      0.0000272      0.6094571      0.0000562      0.6091962      0.0000559
361.00      0.5630553      0.0000274      0.6092116      0.0000561      0.6092107      0.0000560
361.50      0.5629439      0.0000273      0.6093812      0.0000562      0.6091901      0.0000561
362.00      0.5628274      0.0000271      0.6094743      0.0000560      0.6094713      0.0000561
362.50      0.5629944      0.0000273      0.6091473      0.0000560      0.6093189      0.0000562
363.00      0.5629414      0.0000272      0.6094103      0.0000557      0.6093532      0.0000559
363.50      0.5630559      0.0000273      0.6090827      0.0000559      0.6091812      0.0000561
364.00      0.5628901      0.0000274      0.6096010      0.0000562      0.6094370      0.0000558
364.50      0.5629573      0.0000271      0.6093013      0.0000557      0.6093399      0.0000560
365.00      0.5629701      0.0000271      0.6094440      0.0000558      0.6092285      0.0000559
365.50      0.5629656      0.0000274      0.6094532      0.0000561      0.6093122      0.0000562
366.00      0.5629676      0.0000271      0.6094460      0.0000558      0.6093466      0.0000555
366.50      0.5630771      0.0000271      0.6094628      0.0000557      0.6093852      0.0000557
367.00      0.5630569      0.0000272      0.6094300      0.0000559      0.6093807      0.0000562
367.50      0.5630583      0.0000272      0.6095071      0.0000560      0.6092309      0.0000560
368.00      0.5630691      0.0000270      0.6094070      0.0000561      0.6094192      0.0000558
368.50      0.5630075      0.0000272      0.6094423      0.0000563      0.6094207      0.0000557
369.00      0.5630805      0.0000273      0.6094962      0.0000564      0.6093790      0.0000563
369.50      0.5630389      0.0000273      0.6094310      0.0000559      0.6095256      0.0000559
370.00      0.5632447      0.0000273      0.6095001      0.0000564      0.6089851      0.0000562
370.50      0.5631953      0.0000274      0.6093969      0.0000563      0.6093111      0.0000558
371.00      0.5630664      0.0000273      0.6095168      0.0000562      0.6095742      0.0000556
371.50      0.5631888      0.0000272      0.6092842      0.0000561      0.6093545      0.0000561
372.00      0.5629705      0.0000274      0.6098044      0.0000560      0.6094512      0.0000561
372.50      0.5631546      0.0000272      0.6096092      0.0000561      0.6092871      0.0000558
373.00      0.5630941      0.0000274      0.6095030      0.0000564      0.6096547      0.0000561
373.50      0.5630925      0.0000274      0.6094956      0.0000561      0.6094620      0.0000559
374.00      0.5631659      0.0000272      0.6093792      0.0000560      0.6096534      0.0000561
374.50      0.5631982      0.0000274      0.6094849      0.0000563      0.6093779      0.0000561
375.00      0.5631640      0.0000271      0.6095881      0.0000558      0.6095974      0.0000558
375.50      0.5632405      0.0000273      0.6096471      0.0000562      0.6093362      0.0000558
376.00      0.5632302      0.0000272      0.6094669      0.0000557      0.6095556      0.0000560
376.50      0.5630656      0.0000274      0.6095946      0.0000561      0.6097640      0.0000561
377.00      0.5633022      0.0000274      0.6094643      0.0000562      0.6093715      0.0000560
377.50      0.5631026      0.0000273      0.6096401      0.0000560      0.6096285      0.0000560
378.00      0.5632341      0.0000273      0.6096968      0.0000560      0.6092875      0.0000563
378.50      0.5630895      0.0000271      0.6097890      0.0000559      0.6095365      0.0000559
379.00      0.5632407      0.0000274      0.6095944      0.0000561      0.6094622      0.0000566
379.50      0.5631667      0.0000272      0.6094292      0.0000562      0.6096402      0.0000558
380.00      0.5632414      0.0000271      0.6095221      0.0000560      0.6095015      0.0000559
380.50      0.5633350      0.0000273      0.6095782      0.0000561      0.6096247      0.0000561
381.00      0.5632892      0.0000274      0.6097011      0.0000558      0.6094445      0.0000562
381.50      0.5633217      0.0000271      0.6095929      0.0000558      0.6093893      0.0000559
382.00      0.5632519      0.0000273      0.6096889      0.0000561      0.6096657      0.0000560
382.50      0.5633739      0.0000274      0.6098338      0.0000559      0.6093625      0.0000562
383.00      0.5633599      0.0000273      0.6096005      0.0000558      0.6094783      0.0000561
383.50      0.5631465      0.0000274      0.6097224      0.0000561      0.6098133      0.0000560
384.00      0.5632561      0.0000273      0.6096724      0.0000560      0.6097338      0.0000557
384.50      0.5633167      0.0000272      0.6097730      0.0000555      0.6095012      0.0000558
385.00      0.5632092      0.0000273      0.6098621      0.0000558      0.6096725      0.0000561
385.50      0.5633792      0.0000271      0.6097498      0.0000558      0.6095781      0.0000557
386.00      0.5633447      0.0000273      0.6096240      0.0000561      0.6097805      0.0000563
386.50      0.5634013      0.0000274      0.6095864      0.0000560      0.6094616      0.0000562
387.00      0.5633158      0.0000271      0.6096753      0.0000561      0.6097816      0.0000559
387.50      0.5633074      0.0000273      0.6099545      0.0000561      0.6095308      0.0000563
388.00      0.5633246      0.0000272      0.6098130      0.0000563      0.6096548      0.0000557
388.50      0.5632171      0.0000274      0.6098702      0.0000561      0.6095667      0.0000560
389.00      0.5632103      0.0000273      0.6099268      0.0000563      0.6099557      0.0000562
389.50      0.5632945      0.0000273      0.6096599      0.0000562      0.6098894      0.0000559
390.00      0.5632364      0.0000273      0.6100500      0.0000560      0.6098256      0.0000559
390.50      0.5632684      0.0000272      0.6096478      0.0000562      0.6099092      0.0000558
391.00      0.5634373      0.0000272      0.6096226      0.0000561      0.6098266      0.0000559
391.50      0.5633324      0.0000272      0.6096807      0.0000564      0.6099318      0.0000561
392.00      0.5632982      0.0000273      0.6099771      0.0000561      0.6098539      0.0000559
392.50      0.5632625      0.0000273      0.6101156      0.0000557      0.6097189      0.0000561
393.00      0.5632299      0.0000272      0.6098875      0.0000556      0.6101275      0.0000559
393.50      0.5633735      0.0000274      0.6098605      0.0000560      0.6097534      0.0000563
394.00      0.5633280      0.0000274      0.6098813      0.0000562      0.6099168      0.0000564
394.50      0.5633632      0.0000273      0.6100665      0.0000562      0.6099987      0.0000559
395.00      0.5634953      0.0000268      0.6098588      0.0000557      0.6098466      0.0000557
395.50      0.5634734      0.0000272      0.6097408      0.0000561      0.6099550      0.0000562
396.00      0.5634410      0.0000273      0.6098769      0.0000563      0.6099698      0.0000559
396.50      0.5634299      0.0000273      0.6098218      0.0000560      0.6099376      0.0000561
397.00      0.5634575      0.0000273      0.6099026      0.0000560      0.6099958      0.0000555
397.50      0.5634582      0.0000272      0.6098674      0.0000559      0.6098684      0.0000562
398.00      0.5634729      0.0000272      0.6098146      0.0000561      0.6100055      0.0000563
398.50      0.5633562      0.0000271      0.6099443      0.0000559      0.6100192      0.0000560
399.00      0.5634167      0.0000273      0.6099274      0.0000562      0.6099572      0.0000560
399.50      0.5634805      0.0000272      0.6099700      0.0000559      0.6100072      0.0000561
400.00      0.5634911      0.0000271      0.6098736      0.0000563      0.6100504      0.0000562
400.50      0.5634565      0.0000274      0.6100623      0.0000560      0.6099731      0.0000559
401.00      0.5634680      0.0000273      0.6099554      0.0000559      0.6099637      0.0000559
401.50      0.5634240      0.0000271      0.6100129      0.0000557      0.6102036      0.0000561
402.00      0.5634931      0.0000272      0.6100541      0.0000560      0.6100095      0.0000559
402.50      0.5636105      0.0000273      0.6099687      0.0000561      0.6098455      0.0000559
403.00      0.5633893      0.0000271      0.6101456      0.0000560      0.6101928      0.0000557
403.50      0.5634328      0.0000272      0.6101158      0.0000562      0.6101346      0.0000559
404.00      0.5635938      0.0000271      0.6100946      0.0000558      0.6100424      0.0000560
404.50      0.5634312      0.0000272      0.6102206      0.0000562      0.6101269      0.0000561
405.00      0.5635401      0.0000274      0.6101337      0.0000561      0.6100431      0.0000564
405.50      0.5634965      0.0000274      0.6100960      0.0000562      0.6102029      0.0000564
406.00      0.5635580      0.0000273      0.6099841      0.0000562      0.6100098      0.0000562
406.50      0.5635405      0.0000274      0.6102558      0.0000559      0.6100479      0.0000562
407.00      0.5635191      0.0000273      0.6102755      0.0000559      0.6100306      0.0000560
407.50      0.5636036      0.0000272      0.6101919      0.0000559      0.6100330      0.0000564
408.00      0.5635592      0.0000274      0.6103680      0.0000565      0.6099795      0.0000563
408.50      0.5635808      0.0000273      0.6101379      0.0000561      0.6101862      0.0000565
409.00      0.5636296      0.0000273      0.6101763      0.0000561      0.6100271      0.0000560
409.50      0.5636868      0.0000273      0.6101875      0.0000560      0.6100582      0.0000559
410.00      0.5635689      0.0000273      0.6102998      0.0000558      0.6100880      0.0000559
410.50      0.5636551      0.0000276      0.6102182      0.0000566      0.6101151      0.0000561
411.00      0.5635511      0.0000273      0.6102214      0.0000561      0.6103656      0.0000560
411.50      0.5636207      0.0000273      0.6102452      0.0000558      0.6101281      0.0000564
412.00      0.5635452      0.0000272      0.6102811      0.0000560      0.6102667      0.0000559
412.50      0.5637014      0.0000271      0.6102521      0.0000560      0.6102509      0.0000560
413.00      0.5636528      0.0000271      0.6101785      0.0000558      0.6099401      0.0000562
413.50      0.5635907      0.0000273      0.6103099      0.0000560      0.6100449      0.0000560
414.00      0.5638012      0.0000272      0.6101619      0.0000562      0.6099616      0.0000562
414.50      0.5636952      0.0000272      0.6101959      0.0000565      0.6102274      0.0000565
415.00      0.5636665      0.0000273      0.6102361      0.0000556      0.6103065      0.0000562
415.50      0.5638346      0.0000272      0.6100474      0.0000562      0.6103727      0.0000563
416.00      0.5635544      0.0000274      0.6103347      0.0000562      0.6104297      0.0000560
416.50      0.5635230      0.0000274      0.6103385      0.0000565      0.6104281      0.0000559
417.00      0.5636791      0.0000272      0.6103790      0.0000563      0.6101817      0.0000562
417.50      0.5636837      0.0000273      0.6104140      0.0000560      0.6103284      0.0000562
418.00      0.5637056      0.0000272      0.6103304      0.0000557      0.6104035      0.0000561
418.50      0.5636677      0.0000272      0.6105250      0.0000561      0.6101317      0.0000559
419.00      0.5637419      0.0000273      0.6102736      0.0000561      0.6102933      0.0000560
419.50      0.5636385      0.0000274      0.6105693      0.0000565      0.6105889      0.0000563
420.00      0.5637262      0.0000272      0.6106251      0.0000563      0.6100963      0.0000560
420.50      0.5636302      0.0000271      0.6104991      0.0000563      0.6104958      0.0000560
421.00      0.5637964      0.0000272      0.6102527      0.0000561      0.6102863      0.0000556
421.50      0.5636489      0.0000274      0.6105066      0.0000562      0.6104343      0.0000565
422.00      0.5636966      0.0000274      0.6102152      0.0000565      0.6106470      0.0000562
422.50      0.5636257      0.0000273      0.6104000      0.0000562      0.6105356      0.0000561
423.00      0.5636571      0.0000273      0.6105558      0.0000557      0.6105286      0.0000561
423.50      0.5638102      0.0000273      0.6104138      0.0000565      0.6105285      0.0000562
424.00      0.5636941      0.0000272      0.6105320      0.0000559      0.6105322      0.0000563
424.50      0.5635977      0.0000274      0.6107205      0.0000561      0.6106489      0.0000562
425.00      0.5637805      0.0000272      0.6105126      0.0000559      0.6104998      0.0000564
425.50      0.5637897      0.0000272      0.6106418      0.0000558      0.6105294      0.0000563
426.00      0.5637417      0.0000272      0.6103730      0.0000563      0.6104963      0.0000559
426.50      0.5637563      0.0000275      0.6106152      0.0000565      0.6105224      0.0000560
427.00      0.5637958      0.0000274      0.6104615      0.0000557      0.6106195      0.0000561
427.50      0.5638673      0.0000271      0.6103844      0.0000559      0.6103888      0.0000560
428.00      0.5637264      0.0000272      0.6104951      0.0000563      0.6105522      0.0000564
428.50      0.5639918      0.0000275      0.6104712      0.0000564      0.6103298      0.0000561
429.00      0.5638101      0.0000271      0.6104952      0.0000560      0.6107812      0.0000562
429.50      0.5639202      0.0000274      0.6105098      0.0000563      0.6104247      0.0000560
430.00      0.5638620      0.0000274      0.6104842      0.0000562      0.6105493      0.0000563
430.50      0.5638356      0.0000274      0.6105189      0.0000561      0.6106545      0.0000563
431.00      0.5638143      0.0000272      0.6106490      0.0000561      0.6106182      0.0000559
431.50      0.5638991      0.0000272      0.6105056      0.0000563      0.6103281      0.0000562
432.00      0.5639286      0.0000273      0.6105476      0.0000564      0.6105023      0.0000559
432.50      0.5638506      0.0000273      0.6106173      0.0000564      0.6106138      0.0000559
433.00      0.5638832      0.0000271      0.6106490      0.0000563      0.6105771      0.0000561
433.50      0.5639558      0.0000273      0.6106644      0.0000562      0.6106919      0.0000562
434.00      0.5637878      0.0000270      0.6106332      0.0000560      0.6109038      0.0000560
434.50      0.5640022      0.0000272      0.6105693      0.0000560      0.6105750      0.0000563
435.00      0.5637925      0.0000273      0.6107150      0.0000564      0.6106895      0.0000559
435.50      0.5639076      0.0000272      0.6108500      0.0000561      0.6105740      0.0000559
436.00      0.5639774      0.0000273      0.6104843      0.0000562      0.6104511      0.0000562
436.50      0.5638921      0.0000272      0.6107994      0.0000561      0.6104168      0.0000561
437.00      0.5639736      0.0000273      0.6105951      0.0000561      0.6107499      0.0000561
437.50      0.5639129      0.0000272      0.6106654      0.0000562      0.6107909      0.0000565
438.00      0.5638245      0.0000273      0.6107579      0.0000564      0.6108566      0.0000565
438.50      0.5640063      0.0000275      0.6108767      0.0000563      0.6106979      0.0000562
439.00      0.5639980      0.0000272      0.6108198      0.0000561      0.6105439      0.0000562
439.50      0.5638977      0.0000272      0.6106814      0.0000558      0.6109166      0.0000564
440.00      0.5639846      0.0000271      0.6107796      0.0000563      0.6107444      0.0000561
440.50      0.5638488      0.0000271      0.6107141      0.0000560      0.6109777      0.0000565
441.00      0.5638675      0.0000271      0.6108365      0.0000560      0.6108897      0.0000562
441.50      0.5638918      0.0000273      0.6109081      0.0000563      0.6109022      0.0000562
442.00      0.5640367      0.0000274      0.6107027      0.0000564      0.6106991      0.0000566
442.50      0.5638156      0.0000274      0.6108480      0.0000561      0.6111244      0.0000564
443.00      0.5641077      0.0000274      0.6105449      0.0000565      0.6108542      0.0000561
443.50      0.5639525      0.0000273      0.6109917      0.0000563      0.6107581      0.0000562
444.00      0.5639648      0.0000272      0.6109394      0.0000559      0.6107787      0.0000563
444.50      0.5640541      0.0000271      0.6107579      0.0000560      0.6108648      0.0000560
445.00      0.5640634      0.0000273      0.6108772      0.0000567      0.6107521      0.0000561
445.50      0.5640782      0.0000273      0.6108601      0.0000558      0.6106374      0.0000562
446.00      0.5640268      0.0000274      0.6105732      0.0000564      0.6110255      0.0000559
446.50      0.5641530      0.0000272      0.6108401      0.0000558      0.6105882      0.0000563
447.00      0.5640428      0.0000275      0.6109523      0.0000564      0.6106296      0.0000561
447.50      0.5640635      0.0000273      0.6108633      0.0000560      0.6110071      0.0000561
448.00      0.5640375      0.0000273      0.6110948      0.0000561      0.6109056      0.0000564
448.50      0.5640676      0.0000272      0.6110646      0.0000565      0.6108568      0.0000561
449.00      0.5642763      0.0000273      0.6108233      0.0000560      0.6105700      0.0000562
449.50      0.5641841      0.0000272      0.6109103      0.0000562      0.6109684      0.0000560
450.00      0.5640116      0.0000272      0.6111819      0.0000563      0.6110372      0.0000563
450.50      0.5640099      0.0000273      0.6109924      0.0000561      0.6110737      0.0000560
451.00      0.5641406      0.0000273      0.6110471      0.0000562      0.6109346      0.0000562
451.50      0.5641474      0.0000271      0.6108809      0.0000560      0.6107859      0.0000560
452.00      0.5641354      0.0000271      0.6110432      0.0000561      0.6108686      0.0000561
452.50      0.5641896      0.0000273      0.6109536      0.0000561      0.6108588      0.0000565
453.00      0.5640703      0.0000274      0.6110449      0.0000563      0.6112945      0.0000561
453.50      0.5642880      0.0000272      0.6108527      0.0000564      0.6109456      0.0000562
454.00      0.5641105      0.0000270      0.6109734      0.0000558      0.6110629      0.0000561
454.50      0.5640659      0.0000275      0.6110905      0.0000563      0.6111986      0.0000563
455.00      0.5641383      0.0000272      0.6109097      0.0000560      0.6111721      0.0000563
455.50      0.5641427      0.0000272      0.6110960      0.0000561      0.6110250      0.0000564
456.00      0.5641200      0.0000272      0.6111924      0.0000561      0.6111456      0.0000563
456.50      0.5642660      0.0000274      0.6109961      0.0000558      0.6110645      0.0000562
457.00      0.5642336      0.0000271      0.6110745      0.0000561      0.6109837      0.0000561
457.50      0.5642483      0.0000272      0.6110208      0.0000562      0.6110164      0.0000562
458.00      0.5641609      0.0000274      0.6112535      0.0000565      0.6110485      0.0000565
458.50      0.5640613      0.0000271      0.6111487      0.0000564      0.6113081      0.0000561
459.00      0.5641503      0.0000272      0.6109876      0.0000563      0.6112114      0.0000563
459.50      0.5641666      0.0000273      0.6110592      0.0000562      0.6113063      0.0000564
460.00      0.5640603      0.0000273      0.6114133      0.0000563      0.6114155      0.0000564
460.50      0.5642735      0.0000271      0.6110295      0.0000563      0.6111245      0.0000560
461.00      0.5642500      0.0000273      0.6111109      0.0000561      0.6110727      0.0000564
461.50      0.5643325      0.0000273      0.6112729      0.0000564      0.6107866      0.0000561
462.00      0.5642092      0.0000272      0.6110342      0.0000562      0.6112549      0.0000566
462.50      0.5643300      0.0000273      0.6111581      0.0000563      0.6110126      0.0000563
463.00      0.5642122      0.0000275      0.6113606      0.0000564      0.6112164      0.0000562
463.50      0.5641822      0.0000270      0.6113545      0.0000563      0.6110887      0.0000563
464.00      0.5642302      0.0000274      0.6112213      0.0000561      0.6112013      0.0000563
464.50      0.5641829      0.0000272      0.6111592      0.0000564      0.6114755      0.0000563
465.00      0.5643524      0.0000273      0.6112085      0.0000562      0.6111960      0.0000565
465.50      0.5643395      0.0000272      0.6111793      0.0000560      0.6111118      0.0000560
466.00      0.5642442      0.0000272      0.6113882      0.0000564      0.6112634      0.0000562
466.50      0.5643047      0.0000274      0.6112887      0.0000565      0.6112849      0.0000562
467.00      0.5643017      0.0000273      0.6113266      0.0000563      0.6110432      0.0000563
467.50      0.5643224      0.0000270      0.6111035      0.0000561      0.6115294      0.0000563
468.00      0.5642967      0.0000272      0.6112972      0.0000565      0.6112670      0.0000560
468.50      0.5642956      0.0000271      0.6114200      0.0000563      0.6113055      0.0000566
469.00      0.5643628      0.0000272      0.6112670      0.0000563      0.6111715      0.0000562
469.50      0.5643647      0.0000270      0.6113613      0.0000561      0.6113377      0.0000561
470.00      0.5643453      0.0000275      0.6115037      0.0000560      0.6111717      0.0000565
470.50      0.5643223      0.0000270      0.6114050      0.0000560      0.6113150      0.0000562
471.00      0.5643273      0.0000273      0.6112566      0.0000564      0.6113045      0.0000564
471.50      0.5643689      0.0000271      0.6114290      0.0000559      0.6113860      0.0000561
472.00      0.5644526      0.0000274      0.6113038      0.0000560      0.6111440      0.0000563
472.50      0.5644610      0.0000269      0.6113493      0.0000561      0.6113302      0.0000562
473.00      0.5643283      0.0000273      0.6115184      0.0000561      0.6113959      0.0000564
473.50      0.5644693      0.0000271      0.6112669      0.0000561      0.6116304      0.0000564
474.00      0.5643937      0.0000271      0.6112700      0.0000563      0.6115750      0.0000561
474.50      0.5644230      0.0000273      0.6114531      0.0000561      0.6113815      0.0000561
475.00      0.5643951      0.0000274      0.6115832      0.0000567      0.6113738      0.0000564
475.50      0.5644437      0.0000274      0.6115087      0.0000562      0.6113265      0.0000565
476.00      0.5642865      0.0000272      0.6116869      0.0000559      0.6112419      0.0000563
476.50      0.5643569      0.0000272      0.6114757      0.0000560      0.6116124      0.0000559
477.00      0.5643928      0.0000273      0.6113755      0.0000560      0.6115528      0.0000562
477.50      0.5645077      0.0000273      0.6111570      0.0000562      0.6115373      0.0000561
478.00      0.5644970      0.0000274      0.6112951      0.0000561      0.6114609      0.0000564
478.50      0.5644009      0.0000273      0.6114568      0.0000564      0.6116876      0.0000563
479.00      0.5644546      0.0000271      0.6115470      0.0000560      0.6112721      0.0000559
479.50      0.5645303      0.0000272      0.6115607      0.0000564      0.6113554      0.0000563
480.00      0.5644160      0.0000273      0.6115690      0.0000559      0.6114579      0.0000565
480.50      0.5644429      0.0000270      0.6117109      0.0000564      0.6115283      0.0000564
481.00      0.5644852      0.0000273      0.6115591      0.0000564      0.6115403      0.0000559
481.50      0.5644864      0.0000274      0.6118480      0.0000566      0.6113823      0.0000561
482.00      0.5644378      0.0000275      0.6119220      0.0000563      0.6113458      0.0000561
482.50      0.5644448      0.0000272      0.6114485      0.0000566      0.6117097      0.0000560
483.00      0.5645987      0.0000276      0.6116074      0.0000566      0.6116369      0.0000566
483.50      0.5645403      0.0000273      0.6115843      0.0000562      0.6116517      0.0000562
484.00      0.5645826      0.0000270      0.6118439      0.0000564      0.6114676      0.0000561
484.50      0.5644735      0.0000274      0.6116155      0.0000566      0.6116752      0.0000564
485.00      0.5645127      0.0000273      0.6115922      0.0000565      0.6116846      0.0000561
485.50      0.5644925      0.0000272      0.6115978      0.0000559      0.6115720      0.0000561
486.00      0.5644733      0.0000274      0.6115754      0.0000564      0.6117541      0.0000567
486.50      0.5644914      0.0000272      0.6117450      0.0000562      0.6117062      0.0000560
487.00      0.5645586      0.0000271      0.6116387      0.0000564      0.6117197      0.0000561
487.50      0.5646807      0.0000272      0.6115385      0.0000563      0.6114195      0.0000561
488.00      0.5646035      0.0000271      0.6117089      0.0000564      0.6116311      0.0000563
488.50      0.5644577      0.0000270      0.6118141      0.0000562      0.6116514      0.0000563
489.00      0.5646743      0.0000272      0.6115728      0.0000563      0.6114696      0.0000565
489.50      0.5645938      0.0000275      0.6117394      0.0000563      0.6117894      0.0000563
490.00      0.5646592      0.0000273      0.6117649      0.0000564      0.6115540      0.0000563
490.50      0.5644839      0.0000272      0.6118394      0.0000563      0.6117318      0.0000562
491.00      0.5646430      0.0000272      0.6116506      0.0000562      0.6117770      0.0000562
491.50      0.5646734      0.0000274      0.6117311      0.0000565      0.6116941      0.0000565
492.00      0.5645163      0.0000272      0.6119634      0.0000562      0.6120056      0.0000563
492.50      0.5645967      0.0000276      0.6118451      0.0000567      0.6118579      0.0000567
493.00      0.5646809      0.0000272      0.6117806      0.0000564      0.6116569      0.0000564
493.50      0.5645328      0.0000273      0.6117643      0.0000564      0.6117424      0.0000561
494.00      0.5646989      0.0000273      0.6117458      0.0000565      0.6118423      0.0000565
494.50      0.5646919      0.0000273      0.6120690      0.0000566      0.6116904      0.0000566
495.00      0.5647168      0.0000273      0.6117919      0.0000561      0.6117211      0.0000562
495.50      0.5646464      0.0000273      0.6118396      0.0000562      0.6118738      0.0000563
496.00      0.5645484      0.0000271      0.6120822      0.0000564      0.6120799      0.0000563
496.50      0.5647572      0.0000271      0.6118003      0.0000563      0.6116259      0.0000562
497.00      0.5646500      0.0000274      0.6118701      0.0000565      0.6117634      0.0000562
497.50      0.5647389      0.0000272      0.6117878      0.0000561      0.6117843      0.0000558
498.00      0.5647101      0.0000274      0.6116728      0.0000562      0.6118965      0.0000565
498.50      0.5647168      0.0000272      0.6119993      0.0000565      0.6119976      0.0000568
499.00      0.5646480      0.0000273      0.6119149      0.0000563      0.6120686      0.0000564
499.50      0.5646034      0.0000275      0.6119880      0.0000565      0.6120622      0.0000565
500.00      0.5647086      0.0000272      0.6118381      0.0000563      0.6117939      0.0000561
500.50      0.5646867      0.0000271      0.6119059      0.0000562      0.6120571      0.0000561
501.00      0.5647022      0.0000272      0.6121195      0.0000562      0.6119374      0.0000562
501.50      0.5647430      0.0000271      0.6122207      0.0000563      0.6118731      0.0000564
502.00      0.5647355      0.0000272      0.6121520      0.0000564      0.6118338      0.0000567
502.50      0.5647343      0.0000273      0.6121101      0.0000566      0.6117382      0.0000561
503.00      0.5647349      0.0000270      0.6119505      0.0000561      0.6119531      0.0000564
503.50      0.5648025      0.0000273      0.6121031      0.0000565      0.6118077      0.0000563
504.00      0.5647916      0.0000272      0.6119153      0.0000563      0.6119670      0.0000564
504.50      0.5647912      0.0000273      0.6116570      0.0000564      0.6121819      0.0000565
505.00      0.5649113      0.0000274      0.6117717      0.0000562      0.6120068      0.0000565
505.50      0.5645914      0.0000273      0.6122530      0.0000566      0.6123124      0.0000565
506.00      0.5648273      0.0000270      0.6121072      0.0000564      0.6121482      0.0000566
506.50      0.5648973      0.0000272      0.6118498      0.0000563      0.6121577      0.0000566
507.00      0.5648278      0.0000272      0.6120145      0.0000562      0.6120517      0.0000565
507.50      0.5649218      0.0000273      0.6118537      0.0000562      0.6120365      0.0000564
508.00      0.5647979      0.0000272      0.6121506      0.0000564      0.6120077      0.0000564
508.50      0.5649323      0.0000273      0.6121826      0.0000564      0.6118224      0.0000564
509.00      0.5649219      0.0000273      0.6122071      0.0000562      0.6119881      0.0000563
509.50      0.5648107      0.0000271      0.6122931      0.0000568      0.6121614      0.0000567
510.00      0.5650280      0.0000273      0.6119906      0.0000566      0.6118582      0.0000565
510.50      0.5647135      0.0000275      0.6120540      0.0000563      0.6123105      0.0000566
511.00      0.5648745      0.0000273      0.6121649      0.0000562      0.6121909      0.0000566
511.50      0.5647420      0.0000272      0.6121365      0.0000565      0.6121911      0.0000560
512.00      0.5647925      0.0000274      0.6122125      0.0000562      0.6120784      0.0000566
512.50      0.5647370      0.0000273      0.6123229      0.0000560      0.6124706      0.0000566
513.00      0.5648747      0.0000272      0.6123525      0.0000567      0.6121475      0.0000565
513.50      0.5650594      0.0000271      0.6119572      0.0000564      0.6120955      0.0000561
514.00      0.5649817      0.0000272      0.6122456      0.0000560      0.6120489      0.0000567
514.50      0.5649275      0.0000273      0.6120098      0.0000565      0.6121870      0.0000566
515.00      0.5650075      0.0000274      0.6120871      0.0000564      0.6120101      0.0000562
515.50      0.5648653      0.0000273      0.6122605      0.0000562      0.6123348      0.0000565
516.00      0.5649787      0.0000274      0.6120774      0.0000563      0.6122309      0.0000566
516.50      0.5649283      0.0000274      0.6121412      0.0000565      0.6122980      0.0000563
517.00      0.5650106      0.0000271      0.6123201      0.0000564      0.6122150      0.0000563
517.50      0.5649068      0.0000272      0.6123540      0.0000565      0.6123280      0.0000569
518.00      0.5648770      0.0000273      0.6122509      0.0000564      0.6121861      0.0000561
518.50      0.5649327      0.0000273      0.6122266      0.0000564      0.6123179      0.0000563
519.00      0.5649009      0.0000272      0.6120836      0.0000565      0.6124219      0.0000566
519.50      0.5650494      0.0000272      0.6124248      0.0000561      0.6121339      0.0000569
